   3.0000000e+02   0.0000000e+00
   3.0100000e+02   2.3090693e-02
   3.0200000e+02   2.2813160e-02
   3.0300000e+02   2.1463758e-02
   3.0400000e+02   2.0350106e-02
   3.0500000e+02   1.9352569e-02
   3.0600000e+02   1.7945109e-02
   3.0700000e+02   1.7241379e-02
   3.0800000e+02   1.5833920e-02
   3.0900000e+02   1.4517065e-02
   3.1000000e+02   1.3722730e-02
   3.1100000e+02   1.2347818e-02
   3.1200000e+02   1.1437368e-02
   3.1300000e+02   1.0204082e-02
   3.1400000e+02   9.0939479e-03
   3.1500000e+02   8.8384061e-03
   3.1600000e+02   9.7325827e-03
   3.1700000e+02   1.0274894e-02
   3.1800000e+02   1.1169071e-02
   3.1900000e+02   1.1711383e-02
   3.2000000e+02   1.2315271e-02
   3.2100000e+02   1.3147871e-02
   3.2200000e+02   1.3722730e-02
   3.2300000e+02   1.4584360e-02
   3.2400000e+02   1.5130190e-02
   3.2500000e+02   1.5833920e-02
   3.2600000e+02   1.6915025e-02
   3.2700000e+02   1.8377023e-02
   3.2800000e+02   1.9461647e-02
   3.2900000e+02   2.1005014e-02
   3.3000000e+02   2.2251056e-02
   3.3100000e+02   2.3574947e-02
   3.3200000e+02   2.2406756e-02
   3.3300000e+02   2.0808849e-02
   3.3400000e+02   1.9210943e-02
   3.3500000e+02   1.7613037e-02
   3.3600000e+02   1.6015130e-02
   3.3700000e+02   1.4407987e-02
   3.3800000e+02   1.2819317e-02
   3.3900000e+02   1.1183146e-02
   3.4000000e+02   9.3947924e-03
   3.4100000e+02   8.4447572e-03
   3.4200000e+02   8.4447572e-03
   3.4300000e+02   8.4447572e-03
   3.4400000e+02   8.4447572e-03
   3.4500000e+02   8.4447572e-03
   3.4600000e+02   8.4447572e-03
   3.4700000e+02   8.4447572e-03
   3.4800000e+02   8.4447572e-03
   3.4900000e+02   8.4447572e-03
   3.5000000e+02   8.4447572e-03
   3.5100000e+02   8.4447572e-03
   3.5200000e+02   8.4957776e-03
   3.5300000e+02   9.1484870e-03
   3.5400000e+02   9.8522167e-03
   3.5500000e+02   1.0474578e-02
   3.5600000e+02   1.1016890e-02
   3.5700000e+02   1.1611541e-02
   3.5800000e+02   1.2453378e-02
   3.5900000e+02   1.3019001e-02
   3.6000000e+02   1.3722730e-02
   3.6100000e+02   1.4426460e-02
   3.6200000e+02   1.4974490e-02
   3.6300000e+02   1.5516802e-02
   3.6400000e+02   1.6410978e-02
   3.6500000e+02   1.7368930e-02
   3.6600000e+02   1.8453554e-02
   3.6700000e+02   1.9538177e-02
   3.6800000e+02   2.0691414e-02
   3.6900000e+02   2.1707424e-02
   3.7000000e+02   2.2831633e-02
   3.7100000e+02   2.4228536e-02
   3.7200000e+02   2.6720619e-02
   3.7300000e+02   2.9392593e-02
   3.7400000e+02   3.2056650e-02
   3.7500000e+02   3.4548733e-02
   3.7600000e+02   3.7392681e-02
   3.7700000e+02   4.0236629e-02
   3.7800000e+02   4.2728712e-02
   3.7900000e+02   4.5487773e-02
   3.8000000e+02   5.0950035e-02
   3.8100000e+02   5.9130014e-02
   3.8200000e+02   6.9959536e-02
   3.8300000e+02   8.3123681e-02
   3.8400000e+02   9.6639690e-02
   3.8500000e+02   1.0839418e-01
   3.8600000e+02   1.1960855e-01
   3.8700000e+02   1.2973610e-01
   3.8800000e+02   1.3900070e-01
   3.8900000e+02   1.4890878e-01
   3.9000000e+02   1.5823364e-01
   3.9100000e+02   1.6802340e-01
   3.9200000e+02   1.7676284e-01
   3.9300000e+02   1.8555727e-01
   3.9400000e+02   1.9392769e-01
   3.9500000e+02   2.0215077e-01
   3.9600000e+02   2.1033075e-01
   3.9700000e+02   2.1851073e-01
   3.9800000e+02   2.2670567e-01
   3.9900000e+02   2.3633709e-01
   4.0000000e+02   2.4700915e-01
   4.0100000e+02   2.5885380e-01
   4.0200000e+02   2.7166608e-01
   4.0300000e+02   2.8447836e-01
   4.0400000e+02   2.9578114e-01
   4.0500000e+02   3.0705489e-01
   4.0600000e+02   3.1702322e-01
   4.0700000e+02   3.2699156e-01
   4.0800000e+02   3.3679979e-01
   4.0900000e+02   3.4517021e-01
   4.1000000e+02   3.5354064e-01
   4.1100000e+02   3.6082776e-01
   4.1200000e+02   3.6795215e-01
   4.1300000e+02   3.7507653e-01
   4.1400000e+02   3.8255278e-01
   4.1500000e+02   3.8967716e-01
   4.1600000e+02   3.9715341e-01
   4.1700000e+02   4.0451487e-01
   4.1800000e+02   4.1175405e-01
   4.1900000e+02   4.1887843e-01
   4.2000000e+02   4.2600281e-01
   4.2100000e+02   4.3260248e-01
   4.2200000e+02   4.3917312e-01
   4.2300000e+02   4.4486101e-01
   4.2400000e+02   4.5062984e-01
   4.2500000e+02   4.5681958e-01
   4.2600000e+02   4.6269792e-01
   4.2700000e+02   4.6883621e-01
   4.2800000e+02   4.7470795e-01
   4.2900000e+02   4.8068482e-01
   4.3000000e+02   4.8678747e-01
   4.3100000e+02   4.9247537e-01
   4.3200000e+02   4.9851513e-01
   4.3300000e+02   5.0385116e-01
   4.3400000e+02   5.0953906e-01
   4.3500000e+02   5.1452322e-01
   4.3600000e+02   5.1950739e-01
   4.3700000e+02   5.2484342e-01
   4.3800000e+02   5.3017945e-01
   4.3900000e+02   5.3516362e-01
   4.4000000e+02   5.4014778e-01
   4.4100000e+02   5.4548381e-01
   4.4200000e+02   5.5076970e-01
   4.4300000e+02   5.5545215e-01
   4.4400000e+02   5.6008445e-01
   4.4500000e+02   5.6471675e-01
   4.4600000e+02   5.6899719e-01
   4.4700000e+02   5.7362949e-01
   4.4800000e+02   5.7790992e-01
   4.4900000e+02   5.8219036e-01
   4.5000000e+02   5.8647080e-01
   4.5100000e+02   5.9084667e-01
   4.5200000e+02   5.9538353e-01
   4.5300000e+02   5.9973038e-01
   4.5400000e+02   6.0359254e-01
   4.5500000e+02   6.0720663e-01
   4.5600000e+02   6.1008797e-01
   4.5700000e+02   6.1293191e-01
   4.5800000e+02   6.1560609e-01
   4.5900000e+02   6.1828862e-01
   4.6000000e+02   6.2111189e-01
   4.6100000e+02   6.2360398e-01
   4.6200000e+02   6.2515218e-01
   4.6300000e+02   6.2675009e-01
   4.6400000e+02   6.2799613e-01
   4.6500000e+02   6.2959404e-01
   4.6600000e+02   6.3089374e-01
   4.6700000e+02   6.3243798e-01
   4.6800000e+02   6.3365939e-01
   4.6900000e+02   6.3441239e-01
   4.7000000e+02   6.3511612e-01
   4.7100000e+02   6.3581985e-01
   4.7200000e+02   6.3655700e-01
   4.7300000e+02   6.3665157e-01
   4.7400000e+02   6.3581985e-01
   4.7500000e+02   6.3521508e-01
   4.7600000e+02   6.3467277e-01
   4.7700000e+02   6.3406052e-01
   4.7800000e+02   6.3300493e-01
   4.7900000e+02   6.3163837e-01
   4.8000000e+02   6.2968860e-01
   4.8100000e+02   6.2707072e-01
   4.8200000e+02   6.2296886e-01
   4.8300000e+02   6.1706809e-01
   4.8400000e+02   6.0938424e-01
   4.8500000e+02   6.0141186e-01
   4.8600000e+02   5.9334711e-01
   4.8700000e+02   5.8505190e-01
   4.8800000e+02   5.7757565e-01
   4.8900000e+02   5.7009940e-01
   4.9000000e+02   5.6262315e-01
   4.9100000e+02   5.5444317e-01
   4.9200000e+02   5.4593948e-01
   4.9300000e+02   5.3686532e-01
   4.9400000e+02   5.2779117e-01
   4.9500000e+02   5.1836515e-01
   4.9600000e+02   5.0893913e-01
   4.9700000e+02   4.9929275e-01
   4.9800000e+02   4.9002815e-01
   4.9900000e+02   4.8005982e-01
   5.0000000e+02   4.7053132e-01
   5.0100000e+02   4.6082688e-01
   5.0200000e+02   4.5132741e-01
   5.0300000e+02   4.4190139e-01
   5.0400000e+02   4.3268121e-01
   5.0500000e+02   4.2340121e-01
   5.0600000e+02   4.1432706e-01
   5.0700000e+02   4.0525290e-01
   5.0800000e+02   3.9632653e-01
   5.0900000e+02   3.8710459e-01
   5.1000000e+02   3.7686049e-01
   5.1100000e+02   3.6599798e-01
   5.1200000e+02   3.5346587e-01
   5.1300000e+02   3.4055287e-01
   5.1400000e+02   3.2784131e-01
   5.1500000e+02   3.1538089e-01
   5.1600000e+02   3.0324068e-01
   5.1700000e+02   2.9202630e-01
   5.1800000e+02   2.8081457e-01
   5.1900000e+02   2.7013723e-01
   5.2000000e+02   2.5941239e-01
   5.2100000e+02   2.4936181e-01
   5.2200000e+02   2.4028765e-01
   5.2300000e+02   2.3216309e-01
   5.2400000e+02   2.2503871e-01
   5.2500000e+02   2.1756246e-01
   5.2600000e+02   2.1043807e-01
   5.2700000e+02   2.0331369e-01
   5.2800000e+02   1.9442998e-01
   5.2900000e+02   1.8488037e-01
   5.3000000e+02   1.7560697e-01
   5.3100000e+02   1.6847247e-01
   5.3200000e+02   1.6286418e-01
   5.3300000e+02   1.5998109e-01
   5.3400000e+02   1.5717628e-01
   5.3500000e+02   1.5426416e-01
   5.3600000e+02   1.5148839e-01
   5.3700000e+02   1.4864444e-01
   5.3800000e+02   1.4580049e-01
   5.3900000e+02   1.4295654e-01
   5.4000000e+02   1.4011260e-01
   5.4100000e+02   1.3726865e-01
   5.4200000e+02   1.3442470e-01
   5.4300000e+02   1.3174833e-01
   5.4400000e+02   1.2873681e-01
   5.4500000e+02   1.2603140e-01
   5.4600000e+02   1.2304891e-01
   5.4700000e+02   1.1996261e-01
   5.4800000e+02   1.1692822e-01
   5.4900000e+02   1.1381334e-01
   5.5000000e+02   1.1050757e-01
   5.5100000e+02   1.0742171e-01
   5.5200000e+02   1.0422590e-01
   5.5300000e+02   1.0103008e-01
   5.5400000e+02   9.7834272e-02
   5.5500000e+02   9.4638459e-02
   5.5600000e+02   9.1597467e-02
   5.5700000e+02   8.8246833e-02
   5.5800000e+02   8.5176812e-02
   5.5900000e+02   8.2207072e-02
   5.6000000e+02   7.9970091e-02
   5.6100000e+02   7.8465869e-02
   5.6200000e+02   7.7193878e-02
   5.6300000e+02   7.5880102e-02
   5.6400000e+02   7.4634061e-02
   5.6500000e+02   7.3236277e-02
   5.6600000e+02   7.2132301e-02
   5.6700000e+02   7.0724842e-02
   5.6800000e+02   6.9298030e-02
   5.6900000e+02   6.8194053e-02
   5.7000000e+02   6.7861541e-02
   5.7100000e+02   6.7558058e-02
   5.7200000e+02   6.7480647e-02
   5.7300000e+02   6.7206193e-02
   5.7400000e+02   6.6854328e-02
   5.7500000e+02   6.6557442e-02
   5.7600000e+02   6.6366995e-02
   5.7700000e+02   6.6150598e-02
   5.7800000e+02   6.5986101e-02
   5.7900000e+02   6.5795654e-02
   5.8000000e+02   6.5446868e-02
   5.8100000e+02   6.5414761e-02
   5.8200000e+02   6.5095004e-02
   5.8300000e+02   6.4743139e-02
   5.8400000e+02   6.4743139e-02
   5.8500000e+02   6.4391274e-02
   5.8600000e+02   6.4039409e-02
   5.8700000e+02   6.3920215e-02
   5.8800000e+02   6.3687544e-02
   5.8900000e+02   6.3187456e-02
   5.9000000e+02   6.2645144e-02
   5.9100000e+02   6.2280084e-02
   5.9200000e+02   6.1912386e-02
   5.9300000e+02   6.1370074e-02
   5.9400000e+02   6.0872625e-02
   5.9500000e+02   6.0520760e-02
   5.9600000e+02   6.0095004e-02
   5.9700000e+02   5.9552692e-02
   5.9800000e+02   5.9113300e-02
   5.9900000e+02   5.8761436e-02
   6.0000000e+02   5.8277621e-02
   6.0100000e+02   5.7735310e-02
   6.0200000e+02   5.7353976e-02
   6.0300000e+02   5.7002111e-02
   6.0400000e+02   5.6460239e-02
   6.0500000e+02   5.5946517e-02
   6.0600000e+02   5.5594652e-02
   6.0700000e+02   5.5185169e-02
   6.0800000e+02   5.4642857e-02
   6.0900000e+02   5.4187192e-02
   6.1000000e+02   5.4187192e-02
   6.1100000e+02   5.3719652e-02
   6.1200000e+02   5.3483462e-02
   6.1300000e+02   5.3131597e-02
   6.1400000e+02   5.2779733e-02
   6.1500000e+02   5.2427868e-02
   6.1600000e+02   5.2076003e-02
   6.1700000e+02   5.1873241e-02
   6.1800000e+02   5.1372273e-02
   6.1900000e+02   5.1372273e-02
   6.2000000e+02   5.0950035e-02
   6.2100000e+02   5.0668543e-02
   6.2200000e+02   5.0316678e-02
   6.2300000e+02   4.9964814e-02
   6.2400000e+02   4.9612949e-02
   6.2500000e+02   4.9261084e-02
   6.2600000e+02   5.0122273e-02
   6.2700000e+02   5.1016450e-02
   6.2800000e+02   5.1724138e-02
   6.2900000e+02   5.2478008e-02
   6.3000000e+02   5.3698980e-02
   6.3100000e+02   5.4539057e-02
   6.3200000e+02   5.5242787e-02
   6.3300000e+02   5.6029645e-02
   6.3400000e+02   5.6923821e-02
   6.3500000e+02   5.8057706e-02
   6.3600000e+02   5.8761436e-02
   6.3700000e+02   6.0168895e-02
   6.3800000e+02   6.1556122e-02
   6.3900000e+02   6.2802164e-02
   6.4000000e+02   6.4391274e-02
   6.4100000e+02   6.5493490e-02
   6.4200000e+02   6.6578114e-02
   6.4300000e+02   6.7909923e-02
   6.4400000e+02   6.9317382e-02
   6.4500000e+02   7.0630278e-02
   6.4600000e+02   7.1876319e-02
   6.4700000e+02   7.3408691e-02
   6.4800000e+02   7.4493315e-02
   6.4900000e+02   7.5650950e-02
   6.5000000e+02   7.7058410e-02
   6.5100000e+02   7.8450915e-02
   6.5200000e+02   7.9704433e-02
   6.5300000e+02   8.0950475e-02
   6.5400000e+02   8.2760380e-02
   6.5500000e+02   8.4548733e-02
   6.5600000e+02   8.6337087e-02
   6.5700000e+02   8.8125440e-02
   6.5800000e+02   8.9913793e-02
   6.5900000e+02   9.1702146e-02
   6.6000000e+02   9.3596059e-02
   6.6100000e+02   9.5707248e-02
   6.6200000e+02   9.7442822e-02
   6.6300000e+02   9.9392593e-02
   6.6400000e+02   1.0134236e-01
   6.6500000e+02   1.0313600e-01
   6.6600000e+02   1.0492435e-01
   6.6700000e+02   1.0671270e-01
   6.6800000e+02   1.0850106e-01
   6.6900000e+02   1.1028941e-01
   6.7000000e+02   1.1207776e-01
   6.7100000e+02   1.1365236e-01
   6.7200000e+02   1.1505982e-01
   6.7300000e+02   1.1638723e-01
   6.7400000e+02   1.1747185e-01
   6.7500000e+02   1.1857847e-01
   6.7600000e+02   1.1998593e-01
   6.7700000e+02   1.2105955e-01
   6.7800000e+02   1.2230559e-01
   6.7900000e+02   1.2355164e-01
   6.8000000e+02   1.2479768e-01
   6.8100000e+02   1.2576795e-01
   6.8200000e+02   1.2702322e-01
   6.8300000e+02   1.2843068e-01
   6.8400000e+02   1.2972555e-01
   6.8500000e+02   1.3081017e-01
   6.8600000e+02   1.3194933e-01
   6.8700000e+02   1.3335679e-01
   6.8800000e+02   1.3476425e-01
   6.8900000e+02   1.3585239e-01
   6.9000000e+02   1.3693702e-01
   6.9100000e+02   1.3828290e-01
   6.9200000e+02   1.3969036e-01
   6.9300000e+02   1.4089462e-01
   6.9400000e+02   1.4197924e-01
   6.9500000e+02   1.4320901e-01
   6.9600000e+02   1.4461647e-01
   6.9700000e+02   1.4562852e-01
   6.9800000e+02   1.4672766e-01
   6.9900000e+02   1.4810609e-01
   7.0000000e+02   1.4919071e-01
   7.0100000e+02   1.5027533e-01
   7.0200000e+02   1.5165376e-01
   7.0300000e+02   1.5306122e-01
   7.0400000e+02   1.5423293e-01
   7.0500000e+02   1.5482055e-01
   7.0600000e+02   1.5543543e-01
   7.0700000e+02   1.5562588e-01
   7.0800000e+02   1.5616819e-01
   7.0900000e+02   1.5657987e-01
   7.1000000e+02   1.5693174e-01
   7.1100000e+02   1.5728360e-01
   7.1200000e+02   1.5763547e-01
   7.1300000e+02   1.5728360e-01
   7.1400000e+02   1.5620074e-01
   7.1500000e+02   1.5517241e-01
   7.1600000e+02   1.5435609e-01
   7.1700000e+02   1.5316634e-01
   7.1800000e+02   1.5227217e-01
   7.1900000e+02   1.5110222e-01
   7.2000000e+02   1.5024631e-01
   7.2100000e+02   1.4923777e-01
   7.2200000e+02   1.4813512e-01
   7.2300000e+02   1.4743139e-01
   7.2400000e+02   1.4638283e-01
   7.2500000e+02   1.4532020e-01
   7.2600000e+02   1.4441502e-01
   7.2700000e+02   1.4356087e-01
   7.2800000e+02   1.4356087e-01
   7.2900000e+02   1.4356087e-01
   7.3000000e+02   1.4356087e-01
   7.3100000e+02   1.4365895e-01
   7.3200000e+02   1.4391274e-01
   7.3300000e+02   1.4391274e-01
   7.3400000e+02   1.4391274e-01
   7.3500000e+02   1.4426460e-01
   7.3600000e+02   1.4426460e-01
   7.3700000e+02   1.4426460e-01
   7.3800000e+02   1.4426460e-01
   7.3900000e+02   1.4426460e-01
   7.4000000e+02   1.4426460e-01
   7.4100000e+02   1.4461647e-01
   7.4200000e+02   1.4602393e-01
   7.4300000e+02   1.4672766e-01
   7.4400000e+02   1.4789409e-01
   7.4500000e+02   1.4883885e-01
   7.4600000e+02   1.5003431e-01
   7.4700000e+02   1.5095004e-01
   7.4800000e+02   1.5199156e-01
   7.4900000e+02   1.5306870e-01
   7.5000000e+02   1.5416080e-01
   7.5100000e+02   1.5517241e-01
   7.5200000e+02   1.5633005e-01
   7.5300000e+02   1.5728360e-01
   7.5400000e+02   1.5824331e-01
   7.5500000e+02   1.5939479e-01
   7.5600000e+02   1.6038353e-01
   7.5700000e+02   1.6150598e-01
   7.5800000e+02   1.6220971e-01
   7.5900000e+02   1.6361717e-01
   7.6000000e+02   1.6432090e-01
   7.6100000e+02   1.6555815e-01
   7.6200000e+02   1.6647255e-01
   7.6300000e+02   1.6769836e-01
   7.6400000e+02   1.6864180e-01
   7.6500000e+02   1.7007829e-01
   7.6600000e+02   1.7186664e-01
   7.6700000e+02   1.7365500e-01
   7.6800000e+02   1.7544335e-01
   7.6900000e+02   1.7723170e-01
   7.7000000e+02   1.7888371e-01
   7.7100000e+02   1.8080841e-01
   7.7200000e+02   1.8276214e-01
   7.7300000e+02   1.8649631e-01
   7.7400000e+02   1.9078466e-01
   7.7500000e+02   1.9580181e-01
   7.7600000e+02   2.0145672e-01
   7.7700000e+02   2.0644089e-01
   7.7800000e+02   2.1142505e-01
   7.7900000e+02   2.1711295e-01
   7.8000000e+02   2.2301196e-01
   7.8100000e+02   2.3119194e-01
   7.8200000e+02   2.4034483e-01
   7.8300000e+02   2.5116599e-01
   7.8400000e+02   2.6236805e-01
   7.8500000e+02   2.7306474e-01
   7.8600000e+02   2.8377023e-01
   7.8700000e+02   2.9482319e-01
   7.8800000e+02   3.0578466e-01
   7.8900000e+02   3.1822088e-01
   7.9000000e+02   3.3165025e-01
   7.9100000e+02   3.4686796e-01
   7.9200000e+02   3.6341837e-01
   7.9300000e+02   3.7961691e-01
   7.9400000e+02   3.9581545e-01
   7.9500000e+02   4.1201399e-01
   7.9600000e+02   4.2805067e-01
   7.9700000e+02   4.4370734e-01
   7.9800000e+02   4.5936312e-01
   7.9900000e+02   4.7501935e-01
   8.0000000e+02   4.9045567e-01
   8.0100000e+02   5.0310653e-01
   8.0200000e+02   5.1621217e-01
   8.0300000e+02   5.2638635e-01
   8.0400000e+02   5.3635468e-01
   8.0500000e+02   5.4667488e-01
   8.0600000e+02   5.5664321e-01
   8.0700000e+02   5.6696341e-01
   8.0800000e+02   5.7693174e-01
   8.0900000e+02   5.8690007e-01
   8.1000000e+02   5.9647695e-01
   8.1100000e+02   6.0326267e-01
   8.1200000e+02   6.0885292e-01
   8.1300000e+02   6.1259105e-01
   8.1400000e+02   6.1625792e-01
   8.1500000e+02   6.1971543e-01
   8.1600000e+02   6.2345355e-01
   8.1700000e+02   6.2683981e-01
   8.1800000e+02   6.3057794e-01
   8.1900000e+02   6.3396420e-01
   8.2000000e+02   6.3770232e-01
   8.2100000e+02   6.3898663e-01
   8.2200000e+02   6.3755630e-01
   8.2300000e+02   6.3614576e-01
   8.2400000e+02   6.3468332e-01
   8.2500000e+02   6.3330181e-01
   8.2600000e+02   6.3181034e-01
   8.2700000e+02   6.3045786e-01
   8.2800000e+02   6.2893737e-01
   8.2900000e+02   6.2761392e-01
   8.3000000e+02   6.2606439e-01
   8.3100000e+02   6.2476997e-01
   8.3200000e+02   6.2180331e-01
   8.3300000e+02   6.1842672e-01
   8.3400000e+02   6.1326179e-01
   8.3500000e+02   6.0827762e-01
   8.3600000e+02   6.0329346e-01
   8.3700000e+02   5.9830929e-01
   8.3800000e+02   5.9332512e-01
   8.3900000e+02   5.8834096e-01
   8.4000000e+02   5.8460591e-01
   8.4100000e+02   5.8233638e-01
   8.4200000e+02   5.8150686e-01
   8.4300000e+02   5.8061268e-01
   8.4400000e+02   5.7971851e-01
   8.4500000e+02   5.7916960e-01
   8.4600000e+02   5.7828202e-01
   8.4700000e+02   5.7741027e-01
   8.4800000e+02   5.7670654e-01
   8.4900000e+02   5.7595135e-01
   8.5000000e+02   5.7505718e-01
   8.5100000e+02   5.7416300e-01
   8.5200000e+02   5.7326882e-01
   8.5300000e+02   5.7272651e-01
   8.5400000e+02   5.7178044e-01
   8.5500000e+02   5.6988257e-01
   8.5600000e+02   5.6795567e-01
   8.5700000e+02   5.6616731e-01
   8.5800000e+02   5.6368754e-01
   8.5900000e+02   5.6188688e-01
   8.6000000e+02   5.6009852e-01
   8.6100000e+02   5.5805771e-01
   8.6200000e+02   5.5581809e-01
   8.6300000e+02   5.5402973e-01
   8.6400000e+02   5.5224138e-01
   8.6500000e+02   5.4974930e-01
   8.6600000e+02   5.4796094e-01
   8.6700000e+02   5.4613344e-01
   8.6800000e+02   5.4383181e-01
   8.6900000e+02   5.4155040e-01
   8.7000000e+02   5.3869634e-01
   8.7100000e+02   5.3511084e-01
   8.7200000e+02   5.3083040e-01
   8.7300000e+02   5.2694977e-01
   8.7400000e+02   5.2285978e-01
   8.7500000e+02   5.1876979e-01
   8.7600000e+02   5.1494722e-01
   8.7700000e+02   5.1083568e-01
   8.7800000e+02   5.0685169e-01
   8.7900000e+02   5.0276170e-01
   8.8000000e+02   4.9834624e-01
   8.8100000e+02   4.9406580e-01
   8.8200000e+02   4.8978536e-01
   8.8300000e+02   4.8534615e-01
   8.8400000e+02   4.8055243e-01
   8.8500000e+02   4.7624032e-01
   8.8600000e+02   4.7195989e-01
   8.8700000e+02   4.6757873e-01
   8.8800000e+02   4.6278501e-01
   8.8900000e+02   4.5841485e-01
   8.9000000e+02   4.5390130e-01
   8.9100000e+02   4.4915025e-01
   8.9200000e+02   4.4486981e-01
   8.9300000e+02   4.4022387e-01
   8.9400000e+02   4.3525334e-01
   8.9500000e+02   4.3062104e-01
   8.9600000e+02   4.2598874e-01
   8.9700000e+02   4.2135644e-01
   8.9800000e+02   4.1637227e-01
   8.9900000e+02   4.1173997e-01
   9.0000000e+02   4.0701970e-01
   9.0100000e+02   4.0292971e-01
   9.0200000e+02   3.9848786e-01
   9.0300000e+02   3.9461823e-01
   9.0400000e+02   3.9033779e-01
   9.0500000e+02   3.8656976e-01
   9.0600000e+02   3.8247977e-01
   9.0700000e+02   3.7838978e-01
   9.0800000e+02   3.7429979e-01
   9.0900000e+02   3.7034307e-01
   9.1000000e+02   3.6617699e-01
   9.1100000e+02   3.6238169e-01
   9.1200000e+02   3.5864356e-01
   9.1300000e+02   3.5518209e-01
   9.1400000e+02   3.5151918e-01
   9.1500000e+02   3.4813292e-01
   9.1600000e+02   3.4474666e-01
   9.1700000e+02   3.4102569e-01
   9.1800000e+02   3.3779557e-01
   9.1900000e+02   3.3423601e-01
   9.2000000e+02   3.3070021e-01
   9.2100000e+02   3.2742259e-01
   9.2200000e+02   3.2442910e-01
   9.2300000e+02   3.2216837e-01
   9.2400000e+02   3.2038001e-01
   9.2500000e+02   3.1859166e-01
   9.2600000e+02   3.1680331e-01
   9.2700000e+02   3.1501495e-01
   9.2800000e+02   3.1319317e-01
   9.2900000e+02   3.1124340e-01
   9.3000000e+02   3.0929363e-01
   9.3100000e+02   3.0752991e-01
   9.3200000e+02   3.0541872e-01
   9.3300000e+02   3.0358110e-01
   9.3400000e+02   3.0144089e-01
   9.3500000e+02   2.9870470e-01
   9.3600000e+02   2.9531844e-01
   9.3700000e+02   2.9158031e-01
   9.3800000e+02   2.8819405e-01
   9.3900000e+02   2.8445593e-01
   9.4000000e+02   2.8106967e-01
   9.4100000e+02   2.7733154e-01
   9.4200000e+02   2.7394529e-01
   9.4300000e+02   2.7020716e-01
   9.4400000e+02   2.6682090e-01
   9.4500000e+02   2.6312016e-01
   9.4600000e+02   2.5969652e-01
   9.4700000e+02   2.5631026e-01
   9.4800000e+02   2.5257213e-01
   9.4900000e+02   2.4928132e-01
   9.5000000e+02   2.4579961e-01
   9.5100000e+02   2.4218596e-01
   9.5200000e+02   2.3899015e-01
   9.5300000e+02   2.3548733e-01
   9.5400000e+02   2.3190271e-01
   9.5500000e+02   2.2851645e-01
   9.5600000e+02   2.2513019e-01
   9.5700000e+02   2.2160362e-01
   9.5800000e+02   2.1835767e-01
   9.5900000e+02   2.1497141e-01
   9.6000000e+02   2.1201619e-01
   9.6100000e+02   2.0917224e-01
   9.6200000e+02   2.0657196e-01
   9.6300000e+02   2.0383621e-01
   9.6400000e+02   2.0134412e-01
   9.6500000e+02   1.9885204e-01
   9.6600000e+02   1.9635996e-01
   9.6700000e+02   1.9386787e-01
   9.6800000e+02   1.9102393e-01
   9.6900000e+02   1.8817998e-01
   9.7000000e+02   1.8568790e-01
   9.7100000e+02   1.8319581e-01
   9.7200000e+02   1.8070373e-01
   9.7300000e+02   1.7830357e-01
   9.7400000e+02   1.7607143e-01
   9.7500000e+02   1.7428308e-01
   9.7600000e+02   1.7249472e-01
   9.7700000e+02   1.7070637e-01
   9.7800000e+02   1.6889514e-01
   9.7900000e+02   1.6660494e-01
   9.8000000e+02   1.6463758e-01
   9.8100000e+02   1.6284923e-01
   9.8200000e+02   1.6106087e-01
   9.8300000e+02   1.5904293e-01
   9.8400000e+02   1.5693174e-01
   9.8500000e+02   1.5499208e-01
   9.8600000e+02   1.5320373e-01
   9.8700000e+02   1.5141538e-01
   9.8800000e+02   1.4940887e-01
   9.8900000e+02   1.4713494e-01
   9.9000000e+02   1.4534659e-01
   9.9100000e+02   1.4355823e-01
   9.9200000e+02   1.4141802e-01
   9.9300000e+02   1.3892593e-01
   9.9400000e+02   1.3643385e-01
   9.9500000e+02   1.3394177e-01
   9.9600000e+02   1.3144968e-01
   9.9700000e+02   1.2895760e-01
   9.9800000e+02   1.2646552e-01
   9.9900000e+02   1.2397343e-01
   1.0000000e+03   1.2148135e-01
   1.0010000e+03   1.1898927e-01
   1.0020000e+03   1.1649719e-01
   1.0030000e+03   1.1400510e-01
   1.0040000e+03   1.1116115e-01
   1.0050000e+03   1.0866907e-01
   1.0060000e+03   1.0688072e-01
   1.0070000e+03   1.0485574e-01
   1.0080000e+03   1.0260028e-01
   1.0090000e+03   1.0081193e-01
   1.0100000e+03   9.9023575e-02
   1.0110000e+03   9.7235222e-02
   1.0120000e+03   9.5003519e-02
   1.0130000e+03   9.2954785e-02
   1.0140000e+03   9.1166432e-02
   1.0150000e+03   8.9378079e-02
   1.0160000e+03   8.7589726e-02
   1.0170000e+03   8.5801372e-02
   1.0180000e+03   8.3743842e-02
   1.0190000e+03   8.1576795e-02
   1.0200000e+03   8.0084448e-02
   1.0210000e+03   7.8732847e-02
   1.0220000e+03   7.7134940e-02
   1.0230000e+03   7.5537034e-02
   1.0240000e+03   7.3939127e-02
   1.0250000e+03   7.2550141e-02
   1.0260000e+03   7.1095179e-02
   1.0270000e+03   6.9497273e-02
   1.0280000e+03   6.7899367e-02
   1.0290000e+03   6.6653325e-02
   1.0300000e+03   6.5055419e-02
   1.0310000e+03   6.3457512e-02
   1.0320000e+03   6.1859606e-02
   1.0330000e+03   6.0354504e-02
   1.0340000e+03   5.9015658e-02
   1.0350000e+03   5.7417752e-02
   1.0360000e+03   5.5819845e-02
   1.0370000e+03   5.4573804e-02
   1.0380000e+03   5.3131597e-02
   1.0390000e+03   5.1735574e-02
   1.0400000e+03   5.0650950e-02
   1.0410000e+03   4.9566327e-02
   1.0420000e+03   4.8205489e-02
   1.0430000e+03   4.7097555e-02
   1.0440000e+03   4.6094300e-02
   1.0450000e+03   4.4686840e-02
   1.0460000e+03   4.3439479e-02
   1.0470000e+03   4.2354856e-02
   1.0480000e+03   4.1168191e-02
   1.0490000e+03   3.9760732e-02
   1.0500000e+03   3.9057002e-02
   1.0510000e+03   3.7649543e-02
   1.0520000e+03   3.6242083e-02
   1.0530000e+03   3.5143385e-02
   1.0540000e+03   3.4058761e-02
   1.0550000e+03   3.2723434e-02
   1.0560000e+03   3.1602745e-02
   1.0570000e+03   3.0612245e-02
   1.0580000e+03   2.9204785e-02
   1.0590000e+03   2.8852920e-02
   1.0600000e+03   2.8377903e-02
   1.0610000e+03   2.8149191e-02
   1.0620000e+03   2.7645144e-02
   1.0630000e+03   2.7102833e-02
   1.0640000e+03   2.6741731e-02
   1.0650000e+03   2.6389866e-02
   1.0660000e+03   2.6038001e-02
   1.0670000e+03   2.5686137e-02
   1.0680000e+03   2.5334272e-02
   1.0690000e+03   2.4904557e-02
   1.0700000e+03   2.4362245e-02
   1.0710000e+03   2.3926812e-02
   1.0720000e+03   2.3629486e-02
   1.0730000e+03   2.3223082e-02
   1.0740000e+03   2.2871217e-02
   1.0750000e+03   2.2519353e-02
   1.0760000e+03   2.2163969e-02
   1.0770000e+03   2.1815623e-02
   1.0780000e+03   2.1111893e-02
   1.0790000e+03   2.0760028e-02
   1.0800000e+03   2.0408163e-02
   1.0810000e+03   2.0056298e-02
   1.0820000e+03   1.9613828e-02
   1.0830000e+03   1.9071517e-02
   1.0840000e+03   1.8648839e-02
   1.0850000e+03   1.8296974e-02
   1.0860000e+03   1.7796446e-02
   1.0870000e+03   1.7254134e-02
   1.0880000e+03   1.6889514e-02
   1.0890000e+03   1.6537650e-02
   1.0900000e+03   1.6185785e-02
   1.0910000e+03   1.5788617e-02
   1.0920000e+03   1.5246305e-02
   1.0930000e+03   1.4852657e-02
   1.0940000e+03   1.5130190e-02
   1.0950000e+03   1.5482055e-02
   1.0960000e+03   1.5833920e-02
   1.0970000e+03   1.6185785e-02
   1.0980000e+03   1.6185785e-02
   1.0990000e+03   1.6537650e-02
   1.1000000e+03   0.0000000e+00
