   3.0000000e+02   0.0000000e+00
   3.0100000e+02   2.1140922e-02
   3.0200000e+02   2.0760028e-02
   3.0300000e+02   2.0056298e-02
   3.0400000e+02   1.9352569e-02
   3.0500000e+02   1.8648839e-02
   3.0600000e+02   1.7858023e-02
   3.0700000e+02   1.7241379e-02
   3.0800000e+02   1.6421534e-02
   3.0900000e+02   1.5833920e-02
   3.1000000e+02   1.4985046e-02
   3.1100000e+02   1.4090869e-02
   3.1200000e+02   1.3548557e-02
   3.1300000e+02   1.2667136e-02
   3.1400000e+02   1.2112069e-02
   3.1500000e+02   1.1217892e-02
   3.1600000e+02   1.0555947e-02
   3.1700000e+02   9.7814039e-03
   3.1800000e+02   9.1484870e-03
   3.1900000e+02   8.9963054e-03
   3.2000000e+02   1.0204082e-02
   3.2100000e+02   1.1165552e-02
   3.2200000e+02   1.2315271e-02
   3.2300000e+02   1.3722730e-02
   3.2400000e+02   1.4426460e-02
   3.2500000e+02   1.5833920e-02
   3.2600000e+02   1.7241379e-02
   3.2700000e+02   1.7945109e-02
   3.2800000e+02   1.9352569e-02
   3.2900000e+02   2.0546270e-02
   3.3000000e+02   2.1463758e-02
   3.3100000e+02   2.0486013e-02
   3.3200000e+02   1.9352569e-02
   3.3300000e+02   1.8042752e-02
   3.3400000e+02   1.6958128e-02
   3.3500000e+02   1.5833920e-02
   3.3600000e+02   1.4426460e-02
   3.3700000e+02   1.3019001e-02
   3.3800000e+02   1.1915904e-02
   3.3900000e+02   1.0869546e-02
   3.4000000e+02   9.7466573e-03
   3.4100000e+02   8.7966221e-03
   3.4200000e+02   9.5003519e-03
   3.4300000e+02   1.0300405e-02
   3.4400000e+02   1.1194581e-02
   3.4500000e+02   1.2088758e-02
   3.4600000e+02   1.2982935e-02
   3.4700000e+02   1.3722730e-02
   3.4800000e+02   1.4426460e-02
   3.4900000e+02   1.5313600e-02
   3.5000000e+02   1.6207776e-02
   3.5100000e+02   1.6750088e-02
   3.5200000e+02   1.7644265e-02
   3.5300000e+02   1.8538441e-02
   3.5400000e+02   1.9352569e-02
   3.5500000e+02   2.0056298e-02
   3.5600000e+02   2.0869106e-02
   3.5700000e+02   2.1763283e-02
   3.5800000e+02   2.2519353e-02
   3.5900000e+02   2.3199771e-02
   3.6000000e+02   2.3926812e-02
   3.6100000e+02   2.4636260e-02
   3.6200000e+02   2.5334272e-02
   3.6300000e+02   2.6072748e-02
   3.6400000e+02   2.6741731e-02
   3.6500000e+02   2.7509236e-02
   3.6600000e+02   2.8149191e-02
   3.6700000e+02   2.8945725e-02
   3.6800000e+02   2.9556650e-02
   3.6900000e+02   3.0382213e-02
   3.7000000e+02   2.9908515e-02
   3.7100000e+02   2.9053923e-02
   3.7200000e+02   2.7818438e-02
   3.7300000e+02   2.7093596e-02
   3.7400000e+02   2.6352920e-02
   3.7500000e+02   2.5125352e-02
   3.7600000e+02   2.4278677e-02
   3.7700000e+02   2.3336999e-02
   3.7800000e+02   2.2442822e-02
   3.7900000e+02   2.1463758e-02
   3.8000000e+02   2.0654469e-02
   3.8100000e+02   2.0352305e-02
   3.8200000e+02   2.2084799e-02
   3.8300000e+02   2.3873153e-02
   3.8400000e+02   2.5661506e-02
   3.8500000e+02   2.7449859e-02
   3.8600000e+02   2.9238213e-02
   3.8700000e+02   3.1026566e-02
   3.8800000e+02   3.2945109e-02
   3.8900000e+02   3.4603272e-02
   3.9000000e+02   3.6593948e-02
   3.9100000e+02   3.6945813e-02
   3.9200000e+02   3.6593948e-02
   3.9300000e+02   3.6123768e-02
   3.9400000e+02   3.5581457e-02
   3.9500000e+02   3.5186488e-02
   3.9600000e+02   3.4834624e-02
   3.9700000e+02   3.4482759e-02
   3.9800000e+02   3.4115939e-02
   3.9900000e+02   3.3573628e-02
   4.0000000e+02   3.3075299e-02
   4.0100000e+02   3.2957864e-02
   4.0200000e+02   3.4555771e-02
   4.0300000e+02   3.6417136e-02
   4.0400000e+02   3.8103448e-02
   4.0500000e+02   3.9993842e-02
   4.0600000e+02   4.1651126e-02
   4.0700000e+02   4.3570549e-02
   4.0800000e+02   4.5198804e-02
   4.0900000e+02   4.7147255e-02
   4.1000000e+02   4.8746481e-02
   4.1100000e+02   5.0668543e-02
   4.1200000e+02   5.1724138e-02
   4.1300000e+02   5.2484606e-02
   4.1400000e+02   5.3131597e-02
   4.1500000e+02   5.3921094e-02
   4.1600000e+02   5.4815271e-02
   4.1700000e+02   5.5357583e-02
   4.1800000e+02   5.6251759e-02
   4.1900000e+02   5.6794071e-02
   4.2000000e+02   5.7688248e-02
   4.2100000e+02   5.8230559e-02
   4.2200000e+02   5.9113300e-02
   4.2300000e+02   5.9113300e-02
   4.2400000e+02   5.9113300e-02
   4.2500000e+02   5.9113300e-02
   4.2600000e+02   5.9113300e-02
   4.2700000e+02   5.9113300e-02
   4.2800000e+02   5.9113300e-02
   4.2900000e+02   5.9113300e-02
   4.3000000e+02   5.9113300e-02
   4.3100000e+02   5.9113300e-02
   4.3200000e+02   5.9113300e-02
   4.3300000e+02   5.9113300e-02
   4.3400000e+02   5.9298909e-02
   4.3500000e+02   6.0569141e-02
   4.3600000e+02   6.2357495e-02
   4.3700000e+02   6.4145848e-02
   4.3800000e+02   6.5934201e-02
   4.3900000e+02   6.7640306e-02
   4.4000000e+02   6.9238213e-02
   4.4100000e+02   7.1187984e-02
   4.4200000e+02   7.3439479e-02
   4.4300000e+02   7.5931562e-02
   4.4400000e+02   7.8423645e-02
   4.4500000e+02   8.0915728e-02
   4.4600000e+02   8.3407811e-02
   4.4700000e+02   8.5899894e-02
   4.4800000e+02   8.8391977e-02
   4.4900000e+02   9.0884061e-02
   4.5000000e+02   9.3024279e-02
   4.5100000e+02   9.4651654e-02
   4.5200000e+02   9.6154117e-02
   4.5300000e+02   9.7752023e-02
   4.5400000e+02   9.9122097e-02
   4.5500000e+02   1.0059597e-01
   4.5600000e+02   1.0199507e-01
   4.5700000e+02   1.0343992e-01
   4.5800000e+02   1.0486805e-01
   4.5900000e+02   1.0628387e-01
   4.6000000e+02   1.0788177e-01
   4.6100000e+02   1.1018341e-01
   4.6200000e+02   1.1237333e-01
   4.6300000e+02   1.1556914e-01
   4.6400000e+02   1.1876495e-01
   4.6500000e+02   1.2196077e-01
   4.6600000e+02   1.2480471e-01
   4.6700000e+02   1.2800053e-01
   4.6800000e+02   1.3117171e-01
   4.6900000e+02   1.3453774e-01
   4.7000000e+02   1.4147167e-01
   4.7100000e+02   1.4863828e-01
   4.7200000e+02   1.5899191e-01
   4.7300000e+02   1.6927868e-01
   4.7400000e+02   1.7966133e-01
   4.7500000e+02   1.8991907e-01
   4.7600000e+02   2.0059113e-01
   4.7700000e+02   2.1084140e-01
   4.7800000e+02   2.2123153e-01
   4.7900000e+02   2.3155172e-01
   4.8000000e+02   2.4187192e-01
   4.8100000e+02   2.5253211e-01
   4.8200000e+02   2.6286418e-01
   4.8300000e+02   2.7388811e-01
   4.8400000e+02   2.8456017e-01
   4.8500000e+02   2.9532460e-01
   4.8600000e+02   3.0660802e-01
   4.8700000e+02   3.1743051e-01
   4.8800000e+02   3.2848346e-01
   4.8900000e+02   3.3932794e-01
   4.9000000e+02   3.5058937e-01
   4.9100000e+02   3.6221279e-01
   4.9200000e+02   3.7377903e-01
   4.9300000e+02   3.8604900e-01
   4.9400000e+02   3.9831985e-01
   4.9500000e+02   4.1078026e-01
   4.9600000e+02   4.2324068e-01
   4.9700000e+02   4.3570109e-01
   4.9800000e+02   4.4857231e-01
   4.9900000e+02   4.6167752e-01
   5.0000000e+02   4.7528149e-01
   5.0100000e+02   4.8898795e-01
   5.0200000e+02   5.0304627e-01
   5.0300000e+02   5.1706017e-01
   5.0400000e+02   5.3095707e-01
   5.0500000e+02   5.4763811e-01
   5.0600000e+02   5.6437896e-01
   5.0700000e+02   5.8359650e-01
   5.0800000e+02   6.0223082e-01
   5.0900000e+02   6.1697924e-01
   5.1000000e+02   6.3111365e-01
   5.1100000e+02   6.4131949e-01
   5.1200000e+02   6.5128783e-01
   5.1300000e+02   6.6125616e-01
   5.1400000e+02   6.7186752e-01
   5.1500000e+02   6.8260028e-01
   5.1600000e+02   6.9362421e-01
   5.1700000e+02   7.0531756e-01
   5.1800000e+02   7.1707424e-01
   5.1900000e+02   7.2883093e-01
   5.2000000e+02   7.3912738e-01
   5.2100000e+02   7.4944757e-01
   5.2200000e+02   7.5836031e-01
   5.2300000e+02   7.6737905e-01
   5.2400000e+02   7.7610134e-01
   5.2500000e+02   7.8490060e-01
   5.2600000e+02   7.9378431e-01
   5.2700000e+02   8.0257213e-01
   5.2800000e+02   8.0950739e-01
   5.2900000e+02   8.1552824e-01
   5.3000000e+02   8.1895232e-01
   5.3100000e+02   8.2198672e-01
   5.3200000e+02   8.2517241e-01
   5.3300000e+02   8.2836823e-01
   5.3400000e+02   8.3144177e-01
   5.3500000e+02   8.3447616e-01
   5.3600000e+02   8.3725194e-01
   5.3700000e+02   8.4044775e-01
   5.3800000e+02   8.4364356e-01
   5.3900000e+02   8.4661374e-01
   5.4000000e+02   8.4700915e-01
   5.4100000e+02   8.4623505e-01
   5.4200000e+02   8.4518561e-01
   5.4300000e+02   8.4412386e-01
   5.4400000e+02   8.4337438e-01
   5.4500000e+02   8.4215121e-01
   5.4600000e+02   8.4120514e-01
   5.4700000e+02   8.3976865e-01
   5.4800000e+02   8.3762843e-01
   5.4900000e+02   8.3513635e-01
   5.5000000e+02   8.3253431e-01
   5.5100000e+02   8.2879618e-01
   5.5200000e+02   8.2456721e-01
   5.5300000e+02   8.1958304e-01
   5.5400000e+02   8.1424701e-01
   5.5500000e+02   8.0926284e-01
   5.5600000e+02   8.0408163e-01
   5.5700000e+02   7.9823892e-01
   5.5800000e+02   7.9255102e-01
   5.5900000e+02   7.8580753e-01
   5.6000000e+02   7.7941590e-01
   5.6100000e+02   7.7232055e-01
   5.6200000e+02   7.6500880e-01
   5.6300000e+02   7.5753255e-01
   5.6400000e+02   7.4935257e-01
   5.6500000e+02   7.4046886e-01
   5.6600000e+02   7.3228888e-01
   5.6700000e+02   7.2340517e-01
   5.6800000e+02   7.1518649e-01
   5.6900000e+02   7.0634148e-01
   5.7000000e+02   6.9806474e-01
   5.7100000e+02   6.8915201e-01
   5.7200000e+02   6.7945813e-01
   5.7300000e+02   6.6929935e-01
   5.7400000e+02   6.5854328e-01
   5.7500000e+02   6.4787122e-01
   5.7600000e+02   6.3706369e-01
   5.7700000e+02   6.2620118e-01
   5.7800000e+02   6.1550317e-01
   5.7900000e+02   6.0447616e-01
   5.8000000e+02   5.9345531e-01
   5.8100000e+02   5.8207952e-01
   5.8200000e+02   5.7083304e-01
   5.8300000e+02   5.5932794e-01
   5.8400000e+02   5.4780084e-01
   5.8500000e+02   5.3613432e-01
   5.8600000e+02   5.2428747e-01
   5.8700000e+02   5.1182706e-01
   5.8800000e+02   4.9936664e-01
   5.8900000e+02   4.8655436e-01
   5.9000000e+02   4.7409395e-01
   5.9100000e+02   4.6198540e-01
   5.9200000e+02   4.4987685e-01
   5.9300000e+02   4.3776830e-01
   5.9400000e+02   4.2610134e-01
   5.9500000e+02   4.1449024e-01
   5.9600000e+02   4.0264602e-01
   5.9700000e+02   3.9012535e-01
   5.9800000e+02   3.7596411e-01
   5.9900000e+02   3.6071824e-01
   6.0000000e+02   3.4368403e-01
   6.0100000e+02   3.2659131e-01
   6.0200000e+02   3.1087614e-01
   6.0300000e+02   2.9733023e-01
   6.0400000e+02   2.8454609e-01
   6.0500000e+02   2.7387403e-01
   6.0600000e+02   2.6355384e-01
   6.0700000e+02   2.5317602e-01
   6.0800000e+02   2.4266538e-01
   6.0900000e+02   2.3224138e-01
   6.1000000e+02   2.2388283e-01
   6.1100000e+02   2.1570285e-01
   6.1200000e+02   2.0954258e-01
   6.1300000e+02   2.0385468e-01
   6.1400000e+02   1.9816678e-01
   6.1500000e+02   1.9230515e-01
   6.1600000e+02   1.8642681e-01
   6.1700000e+02   1.8110310e-01
   6.1800000e+02   1.7572572e-01
   6.1900000e+02   1.7043103e-01
   6.2000000e+02   1.6544687e-01
   6.2100000e+02   1.6142725e-01
   6.2200000e+02   1.5814039e-01
   6.2300000e+02   1.5629002e-01
   6.2400000e+02   1.5456369e-01
   6.2500000e+02   1.5274235e-01
   6.2600000e+02   1.5098698e-01
   6.2700000e+02   1.4919863e-01
   6.2800000e+02   1.4741027e-01
   6.2900000e+02   1.4562192e-01
   6.3000000e+02   1.4440095e-01
   6.3100000e+02   1.4385864e-01
   6.3200000e+02   1.4331633e-01
   6.3300000e+02   1.4285714e-01
   6.3400000e+02   1.4250528e-01
   6.3500000e+02   1.4204126e-01
   6.3600000e+02   1.4144968e-01
   6.3700000e+02   1.4095663e-01
   6.3800000e+02   1.4041432e-01
   6.3900000e+02   1.4004222e-01
   6.4000000e+02   1.3968156e-01
   6.4100000e+02   1.3913925e-01
   6.4200000e+02   1.3863476e-01
   6.4300000e+02   1.3840649e-01
   6.4400000e+02   1.3793103e-01
   6.4500000e+02   1.3767373e-01
   6.4600000e+02   1.3722730e-01
   6.4700000e+02   1.3687544e-01
   6.4800000e+02   1.3652357e-01
   6.4900000e+02   1.3617171e-01
   6.5000000e+02   1.3581985e-01
   6.5100000e+02   1.3546798e-01
   6.5200000e+02   1.3511612e-01
   6.5300000e+02   1.3476425e-01
   6.5400000e+02   1.3532811e-01
   6.5500000e+02   1.3692602e-01
   6.5600000e+02   1.3817206e-01
   6.5700000e+02   1.3976997e-01
   6.5800000e+02   1.4101601e-01
   6.5900000e+02   1.4250528e-01
   6.6000000e+02   1.4385996e-01
   6.6100000e+02   1.4532020e-01
   6.6200000e+02   1.4738388e-01
   6.6300000e+02   1.5020936e-01
   6.6400000e+02   1.5377551e-01
   6.6500000e+02   1.5697132e-01
   6.6600000e+02   1.6023575e-01
   6.6700000e+02   1.6393957e-01
   6.6800000e+02   1.6726249e-01
   6.6900000e+02   1.7071209e-01
   6.7000000e+02   1.7435785e-01
   6.7100000e+02   1.7755366e-01
   6.7200000e+02   1.8099226e-01
   6.7300000e+02   1.8460899e-01
   6.7400000e+02   1.8784483e-01
   6.7500000e+02   1.9138151e-01
   6.7600000e+02   1.9565095e-01
   6.7700000e+02   2.0063512e-01
   6.7800000e+02   2.0561928e-01
   6.7900000e+02   2.1060345e-01
   6.8000000e+02   2.1593948e-01
   6.8100000e+02   2.2127551e-01
   6.8200000e+02   2.2625968e-01
   6.8300000e+02   2.3159571e-01
   6.8400000e+02   2.3693174e-01
   6.8500000e+02   2.4191590e-01
   6.8600000e+02   2.4722467e-01
   6.8700000e+02   2.5258797e-01
   6.8800000e+02   2.5757389e-01
   6.8900000e+02   2.6310037e-01
   6.9000000e+02   2.6859606e-01
   6.9100000e+02   2.7415333e-01
   6.9200000e+02   2.7961999e-01
   6.9300000e+02   2.8495602e-01
   6.9400000e+02   2.9038089e-01
   6.9500000e+02   2.9597994e-01
   6.9600000e+02   3.0143385e-01
   6.9700000e+02   3.0634368e-01
   6.9800000e+02   3.1163617e-01
   6.9900000e+02   3.1591661e-01
   7.0000000e+02   3.2019704e-01
   7.0100000e+02   3.2515218e-01
   7.0200000e+02   3.2946165e-01
   7.0300000e+02   3.3374208e-01
   7.0400000e+02   3.3814039e-01
   7.0500000e+02   3.4293411e-01
   7.0600000e+02   3.4728712e-01
   7.0700000e+02   3.5227129e-01
   7.0800000e+02   3.5760732e-01
   7.0900000e+02   3.6329521e-01
   7.1000000e+02   3.6863125e-01
   7.1100000e+02   3.7099270e-01
   7.1200000e+02   3.7121745e-01
   7.1300000e+02   3.7086559e-01
   7.1400000e+02   3.7051372e-01
   7.1500000e+02   3.7016186e-01
   7.1600000e+02   3.6980999e-01
   7.1700000e+02   3.6945813e-01
   7.1800000e+02   3.6910626e-01
   7.1900000e+02   3.6875440e-01
   7.2000000e+02   3.6840253e-01
   7.2100000e+02   3.6805067e-01
   7.2200000e+02   3.6769880e-01
   7.2300000e+02   3.6734694e-01
   7.2400000e+02   3.6699507e-01
   7.2500000e+02   3.6664321e-01
   7.2600000e+02   3.6629134e-01
   7.2700000e+02   3.6597950e-01
   7.2800000e+02   3.6710415e-01
   7.2900000e+02   3.6882345e-01
   7.3000000e+02   3.7042136e-01
   7.3100000e+02   3.7201926e-01
   7.3200000e+02   3.7361717e-01
   7.3300000e+02   3.7521508e-01
   7.3400000e+02   3.7681298e-01
   7.3500000e+02   3.7856703e-01
   7.3600000e+02   3.8070725e-01
   7.3700000e+02   3.8249560e-01
   7.3800000e+02   3.8428395e-01
   7.3900000e+02   3.8677604e-01
   7.4000000e+02   3.8856439e-01
   7.4100000e+02   3.9129970e-01
   7.4200000e+02   3.9476777e-01
   7.4300000e+02   3.9912781e-01
   7.4400000e+02   4.0332864e-01
   7.4500000e+02   4.0765966e-01
   7.4600000e+02   4.1210151e-01
   7.4700000e+02   4.1652182e-01
   7.4800000e+02   4.2063336e-01
   7.4900000e+02   4.2507521e-01
   7.5000000e+02   4.2936312e-01
   7.5100000e+02   4.3364356e-01
   7.5200000e+02   4.3804891e-01
   7.5300000e+02   4.4255630e-01
   7.5400000e+02   4.4693262e-01
   7.5500000e+02   4.5137447e-01
   7.5600000e+02   4.5574947e-01
   7.5700000e+02   4.6002991e-01
   7.5800000e+02   4.6434817e-01
   7.5900000e+02   4.6894265e-01
   7.6000000e+02   4.7323188e-01
   7.6100000e+02   4.7678835e-01
   7.6200000e+02   4.7961207e-01
   7.6300000e+02   4.8085811e-01
   7.6400000e+02   4.8245602e-01
   7.6500000e+02   4.8405392e-01
   7.6600000e+02   4.8537825e-01
   7.6700000e+02   4.8689787e-01
   7.6800000e+02   4.8849578e-01
   7.6900000e+02   4.9003958e-01
   7.7000000e+02   4.9147607e-01
   7.7100000e+02   4.9293763e-01
   7.7200000e+02   4.9453554e-01
   7.7300000e+02   4.9613344e-01
   7.7400000e+02   4.9773135e-01
   7.7500000e+02   4.9968112e-01
   7.7600000e+02   5.0127903e-01
   7.7700000e+02   5.0287694e-01
   7.7800000e+02   5.0447484e-01
   7.7900000e+02   5.0616379e-01
   7.8000000e+02   5.0795215e-01
   7.8100000e+02   5.0974050e-01
   7.8200000e+02   5.1152885e-01
   7.8300000e+02   5.1316810e-01
   7.8400000e+02   5.1476601e-01
   7.8500000e+02   5.1636392e-01
   7.8600000e+02   5.1797854e-01
   7.8700000e+02   5.1991159e-01
   7.8800000e+02   5.2155524e-01
   7.8900000e+02   5.2334360e-01
   7.9000000e+02   5.2520672e-01
   7.9100000e+02   5.2824112e-01
   7.9200000e+02   5.3173118e-01
   7.9300000e+02   5.3542312e-01
   7.9400000e+02   5.3932266e-01
   7.9500000e+02   5.4316502e-01
   7.9600000e+02   5.4693174e-01
   7.9700000e+02   5.5102129e-01
   7.9800000e+02   5.5459887e-01
   7.9900000e+02   5.5817558e-01
   8.0000000e+02   5.6201619e-01
   8.0100000e+02   5.6597423e-01
   8.0200000e+02   5.6981527e-01
   8.0300000e+02   5.7301108e-01
   8.0400000e+02   5.7585503e-01
   8.0500000e+02   5.7823056e-01
   8.0600000e+02   5.8048733e-01
   8.0700000e+02   5.8262755e-01
   8.0800000e+02   5.8511963e-01
   8.0900000e+02   5.8761172e-01
   8.1000000e+02   5.9010380e-01
   8.1100000e+02   5.9259588e-01
   8.1200000e+02   5.9508797e-01
   8.1300000e+02   5.9758005e-01
   8.1400000e+02   6.0007213e-01
   8.1500000e+02   6.0195065e-01
   8.1600000e+02   6.0239268e-01
   8.1700000e+02   6.0274455e-01
   8.1800000e+02   6.0309641e-01
   8.1900000e+02   6.0309641e-01
   8.2000000e+02   6.0344828e-01
   8.2100000e+02   6.0379706e-01
   8.2200000e+02   6.0380014e-01
   8.2300000e+02   6.0415201e-01
   8.2400000e+02   6.0450387e-01
   8.2500000e+02   6.0409703e-01
   8.2600000e+02   6.0344828e-01
   8.2700000e+02   6.0274455e-01
   8.2800000e+02   6.0204082e-01
   8.2900000e+02   6.0133709e-01
   8.3000000e+02   6.0068174e-01
   8.3100000e+02   6.0013943e-01
   8.3200000e+02   5.9818966e-01
   8.3300000e+02   5.9554583e-01
   8.3400000e+02   5.9287298e-01
   8.3500000e+02   5.9038089e-01
   8.3600000e+02   5.8788881e-01
   8.3700000e+02   5.8539673e-01
   8.3800000e+02   5.8290464e-01
   8.3900000e+02   5.8041256e-01
   8.4000000e+02   5.7801724e-01
   8.4100000e+02   5.7606747e-01
   8.4200000e+02   5.7411770e-01
   8.4300000e+02   5.7251979e-01
   8.4400000e+02   5.7092189e-01
   8.4500000e+02   5.6897211e-01
   8.4600000e+02   5.6737421e-01
   8.4700000e+02   5.6575387e-01
   8.4800000e+02   5.6382653e-01
   8.4900000e+02   5.6217716e-01
   8.5000000e+02   5.6038881e-01
   8.5100000e+02   5.5860046e-01
   8.5200000e+02   5.5743490e-01
   8.5300000e+02   5.5665025e-01
   8.5400000e+02   5.5629838e-01
   8.5500000e+02   5.5559465e-01
   8.5600000e+02   5.5524279e-01
   8.5700000e+02   5.5472335e-01
   8.5800000e+02   5.5418103e-01
   8.5900000e+02   5.5363872e-01
   8.6000000e+02   5.5309641e-01
   8.6100000e+02   5.5255410e-01
   8.6200000e+02   5.5201179e-01
   8.6300000e+02   5.5146948e-01
   8.6400000e+02   5.5013019e-01
   8.6500000e+02   5.4763811e-01
   8.6600000e+02   5.4584975e-01
   8.6700000e+02   5.4335767e-01
   8.6800000e+02   5.4136875e-01
   8.6900000e+02   5.3907723e-01
   8.7000000e+02   5.3711735e-01
   8.7100000e+02   5.3409307e-01
   8.7200000e+02   5.3103976e-01
   8.7300000e+02   5.2690183e-01
   8.7400000e+02   5.2250792e-01
   8.7500000e+02   5.1806606e-01
   8.7600000e+02   5.1362421e-01
   8.7700000e+02   5.0918235e-01
   8.7800000e+02   5.0479592e-01
   8.7900000e+02   5.0051548e-01
   8.8000000e+02   4.9553132e-01
   8.8100000e+02   4.9089901e-01
   8.8200000e+02   4.8626671e-01
   8.8300000e+02   4.8163441e-01
   8.8400000e+02   4.7668191e-01
   8.8500000e+02   4.7224006e-01
   8.8600000e+02   4.6815007e-01
   8.8700000e+02   4.6416080e-01
   8.8800000e+02   4.6058410e-01
   8.8900000e+02   4.5686400e-01
   8.9000000e+02   4.5272695e-01
   8.9100000e+02   4.4906492e-01
   8.9200000e+02   4.4516538e-01
   8.9300000e+02   4.4129310e-01
   8.9400000e+02   4.3754134e-01
   8.9500000e+02   4.3378783e-01
   8.9600000e+02   4.2950739e-01
   8.9700000e+02   4.2522695e-01
   8.9800000e+02   4.2094652e-01
   8.9900000e+02   4.1666608e-01
   9.0000000e+02   4.1238564e-01
   9.0100000e+02   4.0810521e-01
   9.0200000e+02   4.0382477e-01
   9.0300000e+02   3.9954433e-01
   9.0400000e+02   3.9526390e-01
   9.0500000e+02   3.9130454e-01
   9.0600000e+02   3.8740588e-01
   9.0700000e+02   3.8347818e-01
   9.0800000e+02   3.7990148e-01
   9.0900000e+02   3.7605823e-01
   9.1000000e+02   3.7215869e-01
   9.1100000e+02   3.6836339e-01
   9.1200000e+02   3.6435961e-01
   9.1300000e+02   3.6061049e-01
   9.1400000e+02   3.5714901e-01
   9.1500000e+02   3.5371657e-01
   9.1600000e+02   3.5037650e-01
   9.1700000e+02   3.4699024e-01
   9.1800000e+02   3.4360398e-01
   9.1900000e+02   3.4022959e-01
   9.2000000e+02   3.3718332e-01
   9.2100000e+02   3.3383797e-01
   9.2200000e+02   3.3064215e-01
   9.2300000e+02   3.2744634e-01
   9.2400000e+02   3.2425053e-01
   9.2500000e+02   3.2130762e-01
   9.2600000e+02   3.1856263e-01
   9.2700000e+02   3.1607055e-01
   9.2800000e+02   3.1357847e-01
   9.2900000e+02   3.1092936e-01
   9.3000000e+02   3.0824243e-01
   9.3100000e+02   3.0539849e-01
   9.3200000e+02   3.0290640e-01
   9.3300000e+02   3.0041432e-01
   9.3400000e+02   2.9792224e-01
   9.3500000e+02   2.9507829e-01
   9.3600000e+02   2.9250352e-01
   9.3700000e+02   2.8974226e-01
   9.3800000e+02   2.8689831e-01
   9.3900000e+02   2.8375220e-01
   9.4000000e+02   2.8022519e-01
   9.4100000e+02   2.7662781e-01
   9.4200000e+02   2.7288969e-01
   9.4300000e+02   2.6949507e-01
   9.4400000e+02   2.6561224e-01
   9.4500000e+02   2.6202718e-01
   9.4600000e+02   2.5828906e-01
   9.4700000e+02   2.5461735e-01
   9.4800000e+02   2.5090781e-01
   9.4900000e+02   2.4742655e-01
   9.5000000e+02   2.4368842e-01
   9.5100000e+02   2.4007477e-01
   9.5200000e+02   2.3687896e-01
   9.5300000e+02   2.3337614e-01
   9.5400000e+02   2.2979152e-01
   9.5500000e+02   2.2640526e-01
   9.5600000e+02   2.2268825e-01
   9.5700000e+02   2.1949243e-01
   9.5800000e+02   2.1619634e-01
   9.5900000e+02   2.1274894e-01
   9.6000000e+02   2.0990500e-01
   9.6100000e+02   2.0741291e-01
   9.6200000e+02   2.0527270e-01
   9.6300000e+02   2.0313248e-01
   9.6400000e+02   2.0064039e-01
   9.6500000e+02   1.9850018e-01
   9.6600000e+02   1.9635996e-01
   9.6700000e+02   1.9387271e-01
   9.6800000e+02   1.9172766e-01
   9.6900000e+02   1.8958744e-01
   9.7000000e+02   1.8731967e-01
   9.7100000e+02   1.8501803e-01
   9.7200000e+02   1.8281492e-01
   9.7300000e+02   1.8067470e-01
   9.7400000e+02   1.7846499e-01
   9.7500000e+02   1.7639426e-01
   9.7600000e+02   1.7421358e-01
   9.7700000e+02   1.7211383e-01
   9.7800000e+02   1.6996217e-01
   9.7900000e+02   1.6783339e-01
   9.8000000e+02   1.6569317e-01
   9.8100000e+02   1.6355296e-01
   9.8200000e+02   1.6145936e-01
   9.8300000e+02   1.5927252e-01
   9.8400000e+02   1.5720795e-01
   9.8500000e+02   1.5499208e-01
   9.8600000e+02   1.5320373e-01
   9.8700000e+02   1.5071165e-01
   9.8800000e+02   1.4843772e-01
   9.8900000e+02   1.4575519e-01
   9.9000000e+02   1.4236893e-01
   9.9100000e+02   1.3933454e-01
   9.9200000e+02   1.3614004e-01
   9.9300000e+02   1.3294423e-01
   9.9400000e+02   1.2987949e-01
   9.9500000e+02   1.2655260e-01
   9.9600000e+02   1.2345883e-01
   9.9700000e+02   1.2042444e-01
   9.9800000e+02   1.1731703e-01
   9.9900000e+02   1.1400378e-01
   1.0000000e+03   1.1127727e-01
   1.0010000e+03   1.0893165e-01
   1.0020000e+03   1.0699683e-01
   1.0030000e+03   1.0538397e-01
   1.0040000e+03   1.0344828e-01
   1.0050000e+03   1.0183629e-01
   1.0060000e+03   9.9929627e-02
   1.0070000e+03   9.8288617e-02
   1.0080000e+03   9.6690711e-02
   1.0090000e+03   9.4740939e-02
   1.0100000e+03   9.3143033e-02
   1.0110000e+03   9.1484870e-02
   1.0120000e+03   8.9595355e-02
   1.0130000e+03   8.7966221e-02
   1.0140000e+03   8.6047678e-02
   1.0150000e+03   8.4449771e-02
   1.0160000e+03   8.2500000e-02
   1.0170000e+03   8.0902094e-02
   1.0180000e+03   7.9304187e-02
   1.0190000e+03   7.7706281e-02
   1.0200000e+03   7.6213934e-02
   1.0210000e+03   7.4777445e-02
   1.0220000e+03   7.3264426e-02
   1.0230000e+03   7.1666520e-02
   1.0240000e+03   7.0068614e-02
   1.0250000e+03   6.8470707e-02
   1.0260000e+03   6.6891274e-02
   1.0270000e+03   6.5454785e-02
   1.0280000e+03   6.4018297e-02
   1.0290000e+03   6.2430947e-02
   1.0300000e+03   6.0833040e-02
   1.0310000e+03   5.9235134e-02
   1.0320000e+03   5.7637227e-02
   1.0330000e+03   5.6132125e-02
   1.0340000e+03   5.4441414e-02
   1.0350000e+03   5.3259148e-02
   1.0360000e+03   5.2301196e-02
   1.0370000e+03   5.1089901e-02
   1.0380000e+03   5.0316678e-02
   1.0390000e+03   4.9266802e-02
   1.0400000e+03   4.8205489e-02
   1.0410000e+03   4.7455137e-02
   1.0420000e+03   4.6232407e-02
   1.0430000e+03   4.5338230e-02
   1.0440000e+03   4.4201267e-02
   1.0450000e+03   4.3279381e-02
   1.0460000e+03   4.2303835e-02
   1.0470000e+03   4.1168191e-02
   1.0480000e+03   4.0464462e-02
   1.0490000e+03   3.9269441e-02
   1.0500000e+03   3.8353272e-02
   1.0510000e+03   3.7312632e-02
   1.0520000e+03   3.6242083e-02
   1.0530000e+03   3.5340869e-02
   1.0540000e+03   3.4130894e-02
   1.0550000e+03   3.3427164e-02
   1.0560000e+03   3.3010204e-02
   1.0570000e+03   3.2371569e-02
   1.0580000e+03   3.1925581e-02
   1.0590000e+03   3.1383269e-02
   1.0600000e+03   3.0964110e-02
   1.0610000e+03   3.0298645e-02
   1.0620000e+03   2.9908515e-02
   1.0630000e+03   2.9214022e-02
   1.0640000e+03   2.8852920e-02
   1.0650000e+03   2.8481263e-02
   1.0660000e+03   2.7797326e-02
   1.0670000e+03   2.7396640e-02
   1.0680000e+03   2.6741731e-02
   1.0690000e+03   2.6312016e-02
   1.0700000e+03   2.5769704e-02
   1.0710000e+03   2.5334272e-02
   1.0720000e+03   2.4685081e-02
   1.0730000e+03   2.4278677e-02
   1.0740000e+03   2.3926812e-02
   1.0750000e+03   2.3410011e-02
   1.0760000e+03   2.3223082e-02
   1.0770000e+03   2.2871217e-02
   1.0780000e+03   2.2519353e-02
   1.0790000e+03   2.2296358e-02
   1.0800000e+03   2.1815623e-02
   1.0810000e+03   2.1815623e-02
   1.0820000e+03   2.1373153e-02
   1.0830000e+03   2.1111893e-02
   1.0840000e+03   2.0760028e-02
   1.0850000e+03   2.0408163e-02
   1.0860000e+03   2.0259500e-02
   1.0870000e+03   1.9717189e-02
   1.0880000e+03   1.9704433e-02
   1.0890000e+03   1.9352569e-02
   1.0900000e+03   1.9000704e-02
   1.0910000e+03   1.8648839e-02
   1.0920000e+03   1.8296974e-02
   1.0930000e+03   1.8222643e-02
   1.0940000e+03   1.7680331e-02
   1.0950000e+03   1.7593244e-02
   1.0960000e+03   1.7241379e-02
   1.0970000e+03   1.6889514e-02
   1.0980000e+03   1.6566678e-02
   1.0990000e+03   1.6185785e-02
   1.1000000e+03   0.0000000e+00
