   3.0000000e+02   0.0000000e+00
   3.0100000e+02   0.0000000e+00
   3.0200000e+02   1.7945109e-02
   3.0300000e+02   1.7241379e-02
   3.0400000e+02   1.6537650e-02
   3.0500000e+02   1.5937280e-02
   3.0600000e+02   1.5394968e-02
   3.0700000e+02   1.4778325e-02
   3.0800000e+02   1.4074595e-02
   3.0900000e+02   1.3416168e-02
   3.1000000e+02   1.2873856e-02
   3.1100000e+02   1.1979680e-02
   3.1200000e+02   1.1437368e-02
   3.1300000e+02   1.0895056e-02
   3.1400000e+02   1.0204082e-02
   3.1500000e+02   9.5003519e-03
   3.1600000e+02   8.7966221e-03
   3.1700000e+02   8.0928923e-03
   3.1800000e+02   7.4797678e-03
   3.1900000e+02   6.9374560e-03
   3.2000000e+02   6.3335679e-03
   3.2100000e+02   6.5913089e-03
   3.2200000e+02   8.3796622e-03
   3.2300000e+02   1.0168015e-02
   3.2400000e+02   1.1956369e-02
   3.2500000e+02   1.3744722e-02
   3.2600000e+02   1.5507565e-02
   3.2700000e+02   1.7321429e-02
   3.2800000e+02   1.9109782e-02
   3.2900000e+02   2.1250000e-02
   3.3000000e+02   2.3742083e-02
   3.3100000e+02   2.5686137e-02
   3.3200000e+02   2.4517945e-02
   3.3300000e+02   2.2968860e-02
   3.3400000e+02   2.1884236e-02
   3.3500000e+02   2.0427956e-02
   3.3600000e+02   1.9011260e-02
   3.3700000e+02   1.7926636e-02
   3.3800000e+02   1.6537650e-02
   3.3900000e+02   1.6185785e-02
   3.4000000e+02   1.6414497e-02
   3.4100000e+02   1.8146992e-02
   3.4200000e+02   2.1885116e-02
   3.4300000e+02   2.5526918e-02
   3.4400000e+02   2.9296270e-02
   3.4500000e+02   3.3576707e-02
   3.4600000e+02   3.8209008e-02
   3.4700000e+02   4.3193174e-02
   3.4800000e+02   4.8177340e-02
   3.4900000e+02   5.3161506e-02
   3.5000000e+02   5.7068086e-02
   3.5100000e+02   6.0241907e-02
   3.5200000e+02   6.2682970e-02
   3.5300000e+02   6.4522343e-02
   3.5400000e+02   6.6662562e-02
   3.5500000e+02   6.8802780e-02
   3.5600000e+02   7.0942998e-02
   3.5700000e+02   7.3083216e-02
   3.5800000e+02   7.5085327e-02
   3.5900000e+02   7.7363652e-02
   3.6000000e+02   7.9336735e-02
   3.6100000e+02   8.0934641e-02
   3.6200000e+02   8.1632653e-02
   3.6300000e+02   8.2371129e-02
   3.6400000e+02   8.3265306e-02
   3.6500000e+02   8.3807618e-02
   3.6600000e+02   8.4701795e-02
   3.6700000e+02   8.5503167e-02
   3.6800000e+02   8.6138283e-02
   3.6900000e+02   8.6910626e-02
   3.7000000e+02   8.7614356e-02
   3.7100000e+02   8.8318086e-02
   3.7200000e+02   8.9021816e-02
   3.7300000e+02   8.9905436e-02
   3.7400000e+02   9.0447748e-02
   3.7500000e+02   9.1133005e-02
   3.7600000e+02   9.1836735e-02
   3.7700000e+02   9.2188600e-02
   3.7800000e+02   9.2892329e-02
   3.7900000e+02   9.3511172e-02
   3.8000000e+02   9.3947924e-02
   3.8100000e+02   9.4595795e-02
   3.8200000e+02   9.5355384e-02
   3.8300000e+02   9.6709184e-02
   3.8400000e+02   9.7793807e-02
   3.8500000e+02   9.8878431e-02
   3.8600000e+02   1.0028149e-01
   3.8700000e+02   1.0168895e-01
   3.8800000e+02   1.0283603e-01
   3.8900000e+02   1.0392065e-01
   3.9000000e+02   1.0375176e-01
   3.9100000e+02   1.0151038e-01
   3.9200000e+02   9.9018297e-02
   3.9300000e+02   9.6878079e-02
   3.9400000e+02   9.4694757e-02
   3.9500000e+02   9.2245778e-02
   3.9600000e+02   8.9753695e-02
   3.9700000e+02   8.7613476e-02
   3.9800000e+02   8.5473258e-02
   3.9900000e+02   8.2981175e-02
   4.0000000e+02   8.0840957e-02
   4.0100000e+02   7.8348874e-02
   4.0200000e+02   7.6912386e-02
   4.0300000e+02   7.5387491e-02
   4.0400000e+02   7.3789585e-02
   4.0500000e+02   7.2191678e-02
   4.0600000e+02   7.0593772e-02
   4.0700000e+02   6.8995866e-02
   4.0800000e+02   6.7589726e-02
   4.0900000e+02   6.5801372e-02
   4.1000000e+02   6.4554011e-02
   4.1100000e+02   6.2956105e-02
   4.1200000e+02   6.1358198e-02
   4.1300000e+02   5.9760292e-02
   4.1400000e+02   5.8162386e-02
   4.1500000e+02   5.6564479e-02
   4.1600000e+02   5.5318438e-02
   4.1700000e+02   5.3605735e-02
   4.1800000e+02   5.2122625e-02
   4.1900000e+02   5.0524719e-02
   4.2000000e+02   4.8926812e-02
   4.2100000e+02   4.7328906e-02
   4.2200000e+02   4.5730999e-02
   4.2300000e+02   4.4283075e-02
   4.2400000e+02   4.2846587e-02
   4.2500000e+02   4.1410099e-02
   4.2600000e+02   4.0464462e-02
   4.2700000e+02   3.9500792e-02
   4.2800000e+02   3.8353272e-02
   4.2900000e+02   3.7649543e-02
   4.3000000e+02   3.6466397e-02
   4.3100000e+02   3.5538353e-02
   4.3200000e+02   3.4521464e-02
   4.3300000e+02   3.3432002e-02
   4.3400000e+02   3.2537825e-02
   4.3500000e+02   3.1315975e-02
   4.3600000e+02   3.0612245e-02
   4.3700000e+02   2.9802076e-02
   4.3800000e+02   2.8609254e-02
   4.3900000e+02   2.7715077e-02
   4.4000000e+02   2.6548205e-02
   4.4100000e+02   2.5686137e-02
   4.4200000e+02   2.4680683e-02
   4.4300000e+02   2.3574947e-02
   4.4400000e+02   2.2871217e-02
   4.4500000e+02   2.1646288e-02
   4.4600000e+02   2.0760028e-02
   4.4700000e+02   2.0561664e-02
   4.4800000e+02   2.0408163e-02
   4.4900000e+02   2.0408163e-02
   4.5000000e+02   2.0408163e-02
   4.5100000e+02   2.0408163e-02
   4.5200000e+02   2.0408163e-02
   4.5300000e+02   2.0056298e-02
   4.5400000e+02   2.0056298e-02
   4.5500000e+02   2.0056298e-02
   4.5600000e+02   1.9704433e-02
   4.5700000e+02   1.9704433e-02
   4.5800000e+02   1.9704433e-02
   4.5900000e+02   1.9704433e-02
   4.6000000e+02   1.9704433e-02
   4.6100000e+02   1.9654733e-02
   4.6200000e+02   1.9352569e-02
   4.6300000e+02   1.9352569e-02
   4.6400000e+02   1.9352569e-02
   4.6500000e+02   1.9000704e-02
   4.6600000e+02   1.9000704e-02
   4.6700000e+02   1.9000704e-02
   4.6800000e+02   1.9000704e-02
   4.6900000e+02   1.9000704e-02
   4.7000000e+02   1.8648839e-02
   4.7100000e+02   1.8648839e-02
   4.7200000e+02   1.8648839e-02
   4.7300000e+02   1.8296974e-02
   4.7400000e+02   1.8648839e-02
   4.7500000e+02   1.8648839e-02
   4.7600000e+02   1.9000704e-02
   4.7700000e+02   1.9000704e-02
   4.7800000e+02   1.9000704e-02
   4.7900000e+02   1.9000704e-02
   4.8000000e+02   1.9352569e-02
   4.8100000e+02   1.9352569e-02
   4.8200000e+02   1.9704433e-02
   4.8300000e+02   1.9704433e-02
   4.8400000e+02   1.9704433e-02
   4.8500000e+02   2.0056298e-02
   4.8600000e+02   2.0056298e-02
   4.8700000e+02   2.0408163e-02
   4.8800000e+02   2.0408163e-02
   4.8900000e+02   2.0408163e-02
   4.9000000e+02   2.0408163e-02
   4.9100000e+02   2.0760028e-02
   4.9200000e+02   2.1083744e-02
   4.9300000e+02   2.1111893e-02
   4.9400000e+02   2.1111893e-02
   4.9500000e+02   2.1111893e-02
   4.9600000e+02   2.1463758e-02
   4.9700000e+02   2.1463758e-02
   4.9800000e+02   2.1874560e-02
   4.9900000e+02   2.2519353e-02
   5.0000000e+02   2.3223082e-02
   5.0100000e+02   2.3853360e-02
   5.0200000e+02   2.4395672e-02
   5.0300000e+02   2.5289849e-02
   5.0400000e+02   2.5832160e-02
   5.0500000e+02   2.6389866e-02
   5.0600000e+02   2.7093596e-02
   5.0700000e+02   2.7797326e-02
   5.0800000e+02   2.8353272e-02
   5.0900000e+02   2.9204785e-02
   5.1000000e+02   2.9789761e-02
   5.1100000e+02   3.0332072e-02
   5.1200000e+02   3.0964110e-02
   5.1300000e+02   3.1768561e-02
   5.1400000e+02   3.2723434e-02
   5.1500000e+02   3.3908779e-02
   5.1600000e+02   3.4834624e-02
   5.1700000e+02   3.5855911e-02
   5.1800000e+02   3.6945813e-02
   5.1900000e+02   3.8025158e-02
   5.2000000e+02   3.9083392e-02
   5.2100000e+02   4.0194405e-02
   5.2200000e+02   4.1223610e-02
   5.2300000e+02   4.2363652e-02
   5.2400000e+02   4.3279381e-02
   5.2500000e+02   4.4532899e-02
   5.2600000e+02   4.5504046e-02
   5.2700000e+02   4.6702146e-02
   5.2800000e+02   4.7996129e-02
   5.2900000e+02   4.9594036e-02
   5.3000000e+02   5.0668543e-02
   5.3100000e+02   5.0316678e-02
   5.3200000e+02   5.0316678e-02
   5.3300000e+02   4.9964814e-02
   5.3400000e+02   4.9964814e-02
   5.3500000e+02   4.9612949e-02
   5.3600000e+02   4.9612949e-02
   5.3700000e+02   4.9261084e-02
   5.3800000e+02   4.9261084e-02
   5.3900000e+02   4.8909219e-02
   5.4000000e+02   4.8909219e-02
   5.4100000e+02   4.8557354e-02
   5.4200000e+02   4.8557354e-02
   5.4300000e+02   4.8373065e-02
   5.4400000e+02   4.8205489e-02
   5.4500000e+02   4.7853624e-02
   5.4600000e+02   4.7853624e-02
   5.4700000e+02   4.7611277e-02
   5.4800000e+02   4.7501759e-02
   5.4900000e+02   4.7149894e-02
   5.5000000e+02   4.7149894e-02
   5.5100000e+02   4.7149894e-02
   5.5200000e+02   4.7853624e-02
   5.5300000e+02   4.8183058e-02
   5.5400000e+02   4.8557354e-02
   5.5500000e+02   4.8915816e-02
   5.5600000e+02   4.9261084e-02
   5.5700000e+02   4.9648575e-02
   5.5800000e+02   5.0190887e-02
   5.5900000e+02   5.1085063e-02
   5.6000000e+02   5.2586207e-02
   5.6100000e+02   5.4726425e-02
   5.6200000e+02   5.6866643e-02
   5.6300000e+02   5.9006861e-02
   5.6400000e+02   6.1147080e-02
   5.6500000e+02   6.3287298e-02
   5.6600000e+02   6.5427516e-02
   5.6700000e+02   6.7738828e-02
   5.6800000e+02   6.9707952e-02
   5.6900000e+02   7.1990236e-02
   5.7000000e+02   7.3988388e-02
   5.7100000e+02   8.6848610e-02
   5.7200000e+02   1.0347643e-01
   5.7300000e+02   1.3055287e-01
   5.7400000e+02   1.5937984e-01
   5.7500000e+02   1.8839066e-01
   5.7600000e+02   2.1501935e-01
   5.7700000e+02   2.4392329e-01
   5.7800000e+02   2.7382829e-01
   5.7900000e+02   3.0585371e-01
   5.8000000e+02   3.4046446e-01
   5.8100000e+02   3.8507257e-01
   5.8200000e+02   4.3037913e-01
   5.8300000e+02   4.7998724e-01
   5.8400000e+02   5.2961647e-01
   5.8500000e+02   5.7185081e-01
   5.8600000e+02   6.1242787e-01
   5.8700000e+02   6.5242039e-01
   5.8800000e+02   6.9217452e-01
   5.8900000e+02   7.3936620e-01
   5.9000000e+02   7.7872537e-01
   5.9100000e+02   8.0597686e-01
   5.9200000e+02   8.3831633e-01
   5.9300000e+02   8.5146464e-01
   5.9400000e+02   8.6462878e-01
   5.9500000e+02   8.7779293e-01
   5.9600000e+02   8.9208656e-01
   5.9700000e+02   9.0614488e-01
   5.9800000e+02   9.2181650e-01
   5.9900000e+02   9.3772167e-01
   6.0000000e+02   9.4744018e-01
   6.0100000e+02   9.5654381e-01
   6.0200000e+02   9.6001847e-01
   6.0300000e+02   9.6375616e-01
   6.0400000e+02   9.6695285e-01
   6.0500000e+02   9.7014866e-01
   6.0600000e+02   9.7334448e-01
   6.0700000e+02   9.7694977e-01
   6.0800000e+02   9.8043983e-01
   6.0900000e+02   9.8363564e-01
   6.1000000e+02   9.8683146e-01
   6.1100000e+02   9.8967540e-01
   6.1200000e+02   9.9150950e-01
   6.1300000e+02   9.9205181e-01
   6.1400000e+02   9.9294599e-01
   6.1500000e+02   9.9384017e-01
   6.1600000e+02   9.9472203e-01
   6.1700000e+02   9.9527665e-01
   6.1800000e+02   9.9612949e-01
   6.1900000e+02   9.9683322e-01
   6.2000000e+02   9.9753695e-01
   6.2100000e+02   9.9736717e-01
   6.2200000e+02   9.9442382e-01
   6.2300000e+02   9.9103756e-01
   6.2400000e+02   9.8729944e-01
   6.2500000e+02   9.8388019e-01
   6.2600000e+02   9.8017505e-01
   6.2700000e+02   9.7678483e-01
   6.2800000e+02   9.7305067e-01
   6.2900000e+02   9.6966441e-01
   6.3000000e+02   9.6614180e-01
   6.3100000e+02   9.6335195e-01
   6.3200000e+02   9.6175405e-01
   6.3300000e+02   9.6015614e-01
   6.3400000e+02   9.5855823e-01
   6.3500000e+02   9.5696033e-01
   6.3600000e+02   9.5536242e-01
   6.3700000e+02   9.5376451e-01
   6.3800000e+02   9.5216661e-01
   6.3900000e+02   9.5056870e-01
   6.4000000e+02   9.4897080e-01
   6.4100000e+02   9.4737289e-01
   6.4200000e+02   9.4577498e-01
   6.4300000e+02   9.4417708e-01
   6.4400000e+02   9.4257917e-01
   6.4500000e+02   9.4098126e-01
   6.4600000e+02   9.3938336e-01
   6.4700000e+02   9.3785099e-01
   6.4800000e+02   9.3653941e-01
   6.4900000e+02   9.3497801e-01
   6.5000000e+02   9.3389338e-01
   6.5100000e+02   9.3244942e-01
   6.5200000e+02   9.3013371e-01
   6.5300000e+02   9.2745118e-01
   6.5400000e+02   9.2336119e-01
   6.5500000e+02   9.1962306e-01
   6.5600000e+02   9.1553308e-01
   6.5700000e+02   9.1179495e-01
   6.5800000e+02   9.0770496e-01
   6.5900000e+02   9.0396684e-01
   6.6000000e+02   8.9987685e-01
   6.6100000e+02   8.9733198e-01
   6.6200000e+02   8.9584799e-01
   6.6300000e+02   8.9532943e-01
   6.6400000e+02   8.9478712e-01
   6.6500000e+02   8.9408867e-01
   6.6600000e+02   8.9338494e-01
   6.6700000e+02   8.9303308e-01
   6.6800000e+02   8.9232935e-01
   6.6900000e+02   8.9172370e-01
   6.7000000e+02   8.9038529e-01
   6.7100000e+02   8.8761040e-01
   6.7200000e+02   8.8316854e-01
   6.7300000e+02   8.7841485e-01
   6.7400000e+02   8.7413441e-01
   6.7500000e+02   8.6984298e-01
   6.7600000e+02   8.6504926e-01
   6.7700000e+02   8.6060741e-01
   6.7800000e+02   8.5651742e-01
   6.7900000e+02   8.5238037e-01
   6.8000000e+02   8.4809993e-01
   6.8100000e+02   8.4381949e-01
   6.8200000e+02   8.4077586e-01
   6.8300000e+02   8.3838890e-01
   6.8400000e+02   8.3643913e-01
   6.8500000e+02   8.3484122e-01
   6.8600000e+02   8.3324331e-01
   6.8700000e+02   8.3148223e-01
   6.8800000e+02   8.2969388e-01
   6.8900000e+02   8.2790552e-01
   6.9000000e+02   8.2614796e-01
   6.9100000e+02   8.2455005e-01
   6.9200000e+02   8.2553483e-01
   6.9300000e+02   8.2653061e-01
   6.9400000e+02   8.2741203e-01
   6.9500000e+02   8.2856923e-01
   6.9600000e+02   8.2946341e-01
   6.9700000e+02   8.3066590e-01
   6.9800000e+02   8.3145672e-01
   6.9900000e+02   8.3249780e-01
   7.0000000e+02   8.3356791e-01
   7.0100000e+02   8.3465253e-01
   7.0200000e+02   8.3644089e-01
   7.0300000e+02   8.3822924e-01
   7.0400000e+02   8.4072132e-01
   7.0500000e+02   8.4250968e-01
   7.0600000e+02   8.4429803e-01
   7.0700000e+02   8.4608638e-01
   7.0800000e+02   8.4799437e-01
   7.0900000e+02   8.5036682e-01
   7.1000000e+02   8.5215517e-01
   7.1100000e+02   8.5394353e-01
   7.1200000e+02   8.5397607e-01
   7.1300000e+02   8.5308366e-01
   7.1400000e+02   8.5221675e-01
   7.1500000e+02   8.5164717e-01
   7.1600000e+02   8.5075299e-01
   7.1700000e+02   8.4985881e-01
   7.1800000e+02   8.4904996e-01
   7.1900000e+02   8.4834624e-01
   7.2000000e+02   8.4752815e-01
   7.2100000e+02   8.4794731e-01
   7.2200000e+02   8.5103096e-01
   7.2300000e+02   8.5460767e-01
   7.2400000e+02   8.5783955e-01
   7.2500000e+02   8.6103536e-01
   7.2600000e+02   8.6423118e-01
   7.2700000e+02   8.6742699e-01
   7.2800000e+02   8.6956721e-01
   7.2900000e+02   8.7128651e-01
   7.3000000e+02   8.7314391e-01
   7.3100000e+02   8.7287869e-01
   7.3200000e+02   8.7163265e-01
   7.3300000e+02   8.7016186e-01
   7.3400000e+02   8.6882301e-01
   7.3500000e+02   8.6773839e-01
   7.3600000e+02   8.6594476e-01
   7.3700000e+02   8.6310609e-01
   7.3800000e+02   8.5991027e-01
   7.3900000e+02   8.5741819e-01
   7.4000000e+02   8.5422238e-01
   7.4100000e+02   8.5183893e-01
   7.4200000e+02   8.5080929e-01
   7.4300000e+02   8.5018517e-01
   7.4400000e+02   8.4975369e-01
   7.4500000e+02   8.4910055e-01
   7.4600000e+02   8.4869810e-01
   7.4700000e+02   8.4801592e-01
   7.4800000e+02   8.4747361e-01
   7.4900000e+02   8.4693878e-01
   7.5000000e+02   8.4638899e-01
   7.5100000e+02   8.4584667e-01
   7.5200000e+02   8.4379486e-01
   7.5300000e+02   8.4047414e-01
   7.5400000e+02   8.3727833e-01
   7.5500000e+02   8.3398795e-01
   7.5600000e+02   8.3031668e-01
   7.5700000e+02   8.2698716e-01
   7.5800000e+02   8.2379134e-01
   7.5900000e+02   8.2029029e-01
   7.6000000e+02   8.1671358e-01
   7.6100000e+02   8.1403369e-01
   7.6200000e+02   8.1138019e-01
   7.6300000e+02   8.0957160e-01
   7.6400000e+02   8.0743139e-01
   7.6500000e+02   8.0529117e-01
   7.6600000e+02   8.0315095e-01
   7.6700000e+02   8.0101073e-01
   7.6800000e+02   7.9897783e-01
   7.6900000e+02   7.9673030e-01
   7.7000000e+02   7.9494194e-01
   7.7100000e+02   7.9244986e-01
   7.7200000e+02   7.9030964e-01
   7.7300000e+02   7.8781756e-01
   7.7400000e+02   7.8532548e-01
   7.7500000e+02   7.8283339e-01
   7.7600000e+02   7.8011787e-01
   7.7700000e+02   7.7749736e-01
   7.7800000e+02   7.7465341e-01
   7.7900000e+02   7.7216133e-01
   7.8000000e+02   7.6938776e-01
   7.8100000e+02   7.6612157e-01
   7.8200000e+02   7.6230471e-01
   7.8300000e+02   7.5802428e-01
   7.8400000e+02   7.5373153e-01
   7.8500000e+02   7.4928967e-01
   7.8600000e+02   7.4484782e-01
   7.8700000e+02   7.4040596e-01
   7.8800000e+02   7.3596411e-01
   7.8900000e+02   7.3163793e-01
   7.9000000e+02   7.2735749e-01
   7.9100000e+02   7.2457644e-01
   7.9200000e+02   7.2333040e-01
   7.9300000e+02   7.2278809e-01
   7.9400000e+02   7.2273047e-01
   7.9500000e+02   7.2237861e-01
   7.9600000e+02   7.2202674e-01
   7.9700000e+02   7.2167444e-01
   7.9800000e+02   7.2132301e-01
   7.9900000e+02   7.2097115e-01
   8.0000000e+02   7.2061928e-01
   8.0100000e+02   7.2026742e-01
   8.0200000e+02   7.1991555e-01
   8.0300000e+02   7.1956369e-01
   8.0400000e+02   7.1921182e-01
   8.0500000e+02   7.1885996e-01
   8.0600000e+02   7.1850809e-01
   8.0700000e+02   7.1801064e-01
   8.0800000e+02   7.1642857e-01
   8.0900000e+02   7.1481483e-01
   8.1000000e+02   7.1321692e-01
   8.1100000e+02   7.1161902e-01
   8.1200000e+02   7.0997889e-01
   8.1300000e+02   7.0819053e-01
   8.1400000e+02   7.0597906e-01
   8.1500000e+02   7.0329653e-01
   8.1600000e+02   6.9965869e-01
   8.1700000e+02   6.9617215e-01
   8.1800000e+02   6.9278589e-01
   8.1900000e+02   6.8936752e-01
   8.2000000e+02   6.8566151e-01
   8.2100000e+02   6.8227525e-01
   8.2200000e+02   6.7888899e-01
   8.2300000e+02   6.7517681e-01
   8.2400000e+02   6.7176460e-01
   8.2500000e+02   6.6837834e-01
   8.2600000e+02   6.6488564e-01
   8.2700000e+02   6.6152182e-01
   8.2800000e+02   6.5821956e-01
   8.2900000e+02   6.5459448e-01
   8.3000000e+02   6.5144704e-01
   8.3100000e+02   6.4820285e-01
   8.3200000e+02   6.4500704e-01
   8.3300000e+02   6.4181122e-01
   8.3400000e+02   6.3859606e-01
   8.3500000e+02   6.3501935e-01
   8.3600000e+02   6.3183322e-01
   8.3700000e+02   6.2844696e-01
   8.3800000e+02   6.2512843e-01
   8.3900000e+02   6.2193262e-01
   8.4000000e+02   6.1873681e-01
   8.4100000e+02   6.1525378e-01
   8.4200000e+02   6.1221939e-01
   8.4300000e+02   6.0883313e-01
   8.4400000e+02   6.0579873e-01
   8.4500000e+02   6.0241247e-01
   8.4600000e+02   5.9937808e-01
   8.4700000e+02   5.9601425e-01
   8.4800000e+02   5.9295742e-01
   8.4900000e+02   5.8992303e-01
   8.5000000e+02   5.8653677e-01
   8.5100000e+02   5.8358286e-01
   8.5200000e+02   5.8171358e-01
   8.5300000e+02   5.8070989e-01
   8.5400000e+02   5.7957336e-01
   8.5500000e+02   5.7881773e-01
   8.5600000e+02   5.7778501e-01
   8.5700000e+02   5.7689083e-01
   8.5800000e+02   5.7599666e-01
   8.5900000e+02   5.7510248e-01
   8.6000000e+02   5.7389163e-01
   8.6100000e+02   5.7296226e-01
   8.6200000e+02   5.7130014e-01
   8.6300000e+02   5.6906272e-01
   8.6400000e+02   5.6701970e-01
   8.6500000e+02   5.6487949e-01
   8.6600000e+02   5.6273927e-01
   8.6700000e+02   5.6091177e-01
   8.6800000e+02   5.5861013e-01
   8.6900000e+02   5.5667048e-01
   8.7000000e+02   5.5435873e-01
   8.7100000e+02   5.5239004e-01
   8.7200000e+02   5.4933673e-01
   8.7300000e+02   5.4555067e-01
   8.7400000e+02   5.4021464e-01
   8.7500000e+02   5.3523047e-01
   8.7600000e+02   5.3024631e-01
   8.7700000e+02   5.2455841e-01
   8.7800000e+02   5.1957424e-01
   8.7900000e+02   5.1445505e-01
   8.8000000e+02   5.0890218e-01
   8.8100000e+02   5.0391802e-01
   8.8200000e+02   4.9823012e-01
   8.8300000e+02   4.9324595e-01
   8.8400000e+02   4.8826179e-01
   8.8500000e+02   4.8257389e-01
   8.8600000e+02   4.7758973e-01
   8.8700000e+02   4.7210327e-01
   8.8800000e+02   4.6691766e-01
   8.8900000e+02   4.6193350e-01
   8.9000000e+02   4.5624560e-01
   8.9100000e+02   4.5126144e-01
   8.9200000e+02   4.4607319e-01
   8.9300000e+02   4.4163133e-01
   8.9400000e+02   4.3736453e-01
   8.9500000e+02   4.3308410e-01
   8.9600000e+02   4.2880366e-01
   8.9700000e+02   4.2452322e-01
   8.9800000e+02   4.2024279e-01
   8.9900000e+02   4.1610925e-01
   9.0000000e+02   4.1194581e-01
   9.0100000e+02   4.0785582e-01
   9.0200000e+02   4.0370690e-01
   9.0300000e+02   3.9954433e-01
   9.0400000e+02   3.9526390e-01
   9.0500000e+02   3.9114400e-01
   9.0600000e+02   3.8705489e-01
   9.0700000e+02   3.8366775e-01
   9.0800000e+02   3.7992963e-01
   9.0900000e+02   3.7619150e-01
   9.1000000e+02   3.7280524e-01
   9.1100000e+02   3.6906712e-01
   9.1200000e+02   3.6559465e-01
   9.1300000e+02   3.6194273e-01
   9.1400000e+02   3.5820461e-01
   9.1500000e+02   3.5477217e-01
   9.1600000e+02   3.5108023e-01
   9.1700000e+02   3.4734210e-01
   9.1800000e+02   3.4377727e-01
   9.1900000e+02   3.4021772e-01
   9.2000000e+02   3.3683146e-01
   9.2100000e+02   3.3418983e-01
   9.2200000e+02   3.3169775e-01
   9.2300000e+02   3.2990939e-01
   9.2400000e+02   3.2812104e-01
   9.2500000e+02   3.2633269e-01
   9.2600000e+02   3.2441942e-01
   9.2700000e+02   3.2205225e-01
   9.2800000e+02   3.2026390e-01
   9.2900000e+02   3.1847555e-01
   9.3000000e+02   3.1667840e-01
   9.3100000e+02   3.1419511e-01
   9.3200000e+02   3.1170303e-01
   9.3300000e+02   3.0864400e-01
   9.3400000e+02   3.0490588e-01
   9.3500000e+02   3.0141186e-01
   9.3600000e+02   2.9778149e-01
   9.3700000e+02   2.9431650e-01
   9.3800000e+02   2.9065711e-01
   9.3900000e+02   2.8691898e-01
   9.4000000e+02   2.8332160e-01
   9.4100000e+02   2.7979460e-01
   9.4200000e+02   2.7605647e-01
   9.4300000e+02   2.7232671e-01
   9.4400000e+02   2.6873329e-01
   9.4500000e+02   2.6515658e-01
   9.4600000e+02   2.6122801e-01
   9.4700000e+02   2.5736585e-01
   9.4800000e+02   2.5327586e-01
   9.4900000e+02   2.4944229e-01
   9.5000000e+02   2.4544775e-01
   9.5100000e+02   2.4135776e-01
   9.5200000e+02   2.3761963e-01
   9.5300000e+02   2.3352964e-01
   9.5400000e+02   2.2943966e-01
   9.5500000e+02   2.2551900e-01
   9.5600000e+02   2.2233638e-01
   9.5700000e+02   2.1949243e-01
   9.5800000e+02   2.1700035e-01
   9.5900000e+02   2.1450827e-01
   9.6000000e+02   2.1201619e-01
   9.6100000e+02   2.0925449e-01
   9.6200000e+02   2.0657196e-01
   9.6300000e+02   2.0383621e-01
   9.6400000e+02   2.0134412e-01
   9.6500000e+02   1.9885204e-01
   9.6600000e+02   1.9635996e-01
   9.6700000e+02   1.9386787e-01
   9.6800000e+02   1.9137579e-01
   9.6900000e+02   1.8888371e-01
   9.7000000e+02   1.8639163e-01
   9.7100000e+02   1.8389954e-01
   9.7200000e+02   1.8175932e-01
   9.7300000e+02   1.7961911e-01
   9.7400000e+02   1.7712702e-01
   9.7500000e+02   1.7463494e-01
   9.7600000e+02   1.7249472e-01
   9.7700000e+02   1.7035450e-01
   9.7800000e+02   1.6786242e-01
   9.7900000e+02   1.6537034e-01
   9.8000000e+02   1.6323012e-01
   9.8100000e+02   1.6094608e-01
   9.8200000e+02   1.5894968e-01
   9.8300000e+02   1.5669467e-01
   9.8400000e+02   1.5466925e-01
   9.8500000e+02   1.5279513e-01
   9.8600000e+02   1.5038881e-01
   9.8700000e+02   1.4860046e-01
   9.8800000e+02   1.4624208e-01
   9.8900000e+02   1.4432002e-01
   9.9000000e+02   1.4234254e-01
   9.9100000e+02   1.4003958e-01
   9.9200000e+02   1.3809113e-01
   9.9300000e+02   1.3543763e-01
   9.9400000e+02   1.3291520e-01
   9.9500000e+02   1.3042312e-01
   9.9600000e+02   1.2757917e-01
   9.9700000e+02   1.2508709e-01
   9.9800000e+02   1.2224314e-01
   9.9900000e+02   1.1963362e-01
   1.0000000e+03   1.1690711e-01
   1.0010000e+03   1.1406316e-01
   1.0020000e+03   1.1157108e-01
   1.0030000e+03   1.0872713e-01
   1.0040000e+03   1.0622097e-01
   1.0050000e+03   1.0339110e-01
   1.0060000e+03   1.0085591e-01
   1.0070000e+03   9.8055067e-02
   1.0080000e+03   9.5562984e-02
   1.0090000e+03   9.4037210e-02
   1.0100000e+03   9.2439303e-02
   1.0110000e+03   9.0841397e-02
   1.0120000e+03   8.9465165e-02
   1.0130000e+03   8.7997449e-02
   1.0140000e+03   8.6399543e-02
   1.0150000e+03   8.4801636e-02
   1.0160000e+03   8.3203730e-02
   1.0170000e+03   8.1605823e-02
   1.0180000e+03   8.0142505e-02
   1.0190000e+03   7.8761875e-02
   1.0200000e+03   7.7163969e-02
   1.0210000e+03   7.5566063e-02
   1.0220000e+03   7.4044687e-02
   1.0230000e+03   7.2608198e-02
   1.0240000e+03   7.1124208e-02
   1.0250000e+03   6.9735222e-02
   1.0260000e+03   6.8280260e-02
   1.0270000e+03   6.6862245e-02
   1.0280000e+03   6.5436312e-02
   1.0290000e+03   6.3989268e-02
   1.0300000e+03   6.2904645e-02
   1.0310000e+03   6.1346323e-02
   1.0320000e+03   6.0031668e-02
   1.0330000e+03   5.8761436e-02
   1.0340000e+03   5.7256334e-02
   1.0350000e+03   5.5946517e-02
   1.0360000e+03   5.4412386e-02
   1.0370000e+03   5.3166344e-02
   1.0380000e+03   5.1724138e-02
   1.0390000e+03   5.0328114e-02
   1.0400000e+03   4.9076355e-02
   1.0410000e+03   4.7501759e-02
   1.0420000e+03   4.6370514e-02
   1.0430000e+03   4.5390570e-02
   1.0440000e+03   4.4444053e-02
   1.0450000e+03   4.3549877e-02
   1.0460000e+03   4.2655700e-02
   1.0470000e+03   4.1871921e-02
   1.0480000e+03   4.1168191e-02
   1.0490000e+03   4.0185609e-02
   1.0500000e+03   3.9078994e-02
   1.0510000e+03   3.8353272e-02
   1.0520000e+03   3.7642505e-02
   1.0530000e+03   3.6748329e-02
   1.0540000e+03   3.5538353e-02
   1.0550000e+03   3.4834624e-02
   1.0560000e+03   3.4065799e-02
   1.0570000e+03   3.3171622e-02
   1.0580000e+03   3.2277445e-02
   1.0590000e+03   3.1383269e-02
   1.0600000e+03   3.0612245e-02
   1.0610000e+03   2.9946780e-02
   1.0620000e+03   2.9556650e-02
   1.0630000e+03   2.9204785e-02
   1.0640000e+03   2.8671710e-02
   1.0650000e+03   2.8149191e-02
   1.0660000e+03   2.7797326e-02
   1.0670000e+03   2.7445461e-02
   1.0680000e+03   2.6854328e-02
   1.0690000e+03   2.6389866e-02
   1.0700000e+03   2.6038001e-02
   1.0710000e+03   2.5579258e-02
   1.0720000e+03   2.5036946e-02
   1.0730000e+03   2.4630542e-02
   1.0740000e+03   2.4278677e-02
   1.0750000e+03   2.3761875e-02
   1.0760000e+03   2.3223082e-02
   1.0770000e+03   2.2871217e-02
   1.0780000e+03   2.2486805e-02
   1.0790000e+03   2.1815623e-02
   1.0800000e+03   2.1402182e-02
   1.0810000e+03   2.0760028e-02
   1.0820000e+03   2.0317558e-02
   1.0830000e+03   1.9704433e-02
   1.0840000e+03   1.9232935e-02
   1.0850000e+03   1.8690623e-02
   1.0860000e+03   1.8296974e-02
   1.0870000e+03   1.7605999e-02
   1.0880000e+03   1.7241379e-02
   1.0890000e+03   1.6537650e-02
   1.0900000e+03   1.6185785e-02
   1.0910000e+03   1.5482055e-02
   1.0920000e+03   1.5130190e-02
   1.0930000e+03   1.4778325e-02
   1.0940000e+03   1.4778325e-02
   1.0950000e+03   1.4674965e-02
   1.0960000e+03   1.4426460e-02
   1.0970000e+03   1.4294071e-02
   1.0980000e+03   1.4074595e-02
   1.0990000e+03   1.4074595e-02
   1.1000000e+03   0.0000000e+00
