   3.0000000e+02   3.6593700e-07
   3.0100000e+02   2.2066600e-07
   3.0200000e+02   2.2992700e-07
   3.0300000e+02   3.2015600e-07
   3.0400000e+02   2.5617100e-07
   3.0500000e+02   2.1447000e-07
   3.0600000e+02   4.2655400e-07
   3.0700000e+02   2.7214800e-07
   3.0800000e+02   2.2757800e-07
   3.0900000e+02   3.0475800e-07
   3.1000000e+02   3.6691500e-07
   3.1100000e+02   5.1040700e-07
   3.1200000e+02   2.8062200e-07
   3.1300000e+02   3.3557800e-07
   3.1400000e+02   2.8738800e-07
   3.1500000e+02   3.7929500e-07
   3.1600000e+02   4.6840300e-07
   3.1700000e+02   4.4534100e-07
   3.1800000e+02   3.1429700e-07
   3.1900000e+02   3.8310100e-07
   3.2000000e+02   3.6588100e-07
   3.2100000e+02   6.5457600e-07
   3.2200000e+02   3.5798600e-07
   3.2300000e+02   5.2810300e-07
   3.2400000e+02   2.6935500e-07
   3.2500000e+02   4.4970600e-07
   3.2600000e+02   6.5209400e-07
   3.2700000e+02   5.2788800e-07
   3.2800000e+02   3.2207900e-07
   3.2900000e+02   4.0003400e-07
   3.3000000e+02   5.7400200e-07
   3.3100000e+02   3.2857900e-07
   3.3200000e+02   2.7671900e-07
   3.3300000e+02   6.5306000e-07
   3.3400000e+02   4.3674500e-07
   3.3500000e+02   3.3152000e-07
   3.3600000e+02   4.3606800e-07
   3.3700000e+02   3.6808400e-07
   3.3800000e+02   4.9090200e-07
   3.3900000e+02   3.9736600e-07
   3.4000000e+02   3.6532500e-07
   3.4100000e+02   4.1897100e-07
   3.4200000e+02   3.1583300e-07
   3.4300000e+02   2.9577400e-07
   3.4400000e+02   3.0321100e-07
   3.4500000e+02   3.4077700e-07
   3.4600000e+02   2.9327700e-07
   3.4700000e+02   2.6292700e-07
   3.4800000e+02   4.8954200e-07
   3.4900000e+02   1.6145400e-06
   3.5000000e+02   2.3687200e-07
   3.5100000e+02   3.4593100e-07
   3.5200000e+02   1.4650600e-07
   3.5300000e+02   3.1256400e-07
   3.5400000e+02   1.1261800e-07
   3.5500000e+02   2.8094800e-07
   3.5600000e+02   2.5441000e-07
   3.5700000e+02   6.4079400e-08
   3.5800000e+02   2.6525500e-07
   3.5900000e+02   1.4715500e-07
   3.6000000e+02   2.9301800e-07
   3.6100000e+02   2.7357000e-07
   3.6200000e+02   1.0975300e-07
   3.6300000e+02   2.6256400e-07
   3.6400000e+02   2.3442100e-07
   3.6500000e+02   1.1970000e-07
   3.6600000e+02   1.6442700e-07
   3.6700000e+02   2.7307600e-07
   3.6800000e+02   3.0517600e-07
   3.6900000e+02   1.6268100e-07
   3.7000000e+02   2.4982600e-07
   3.7100000e+02   2.3677200e-07
   3.7200000e+02   1.4995000e-07
   3.7300000e+02   3.0294200e-07
   3.7400000e+02   1.7971500e-07
   3.7500000e+02   2.2646500e-07
   3.7600000e+02   2.8046700e-07
   3.7700000e+02   2.3201100e-07
   3.7800000e+02   2.3031800e-07
   3.7900000e+02   2.2298700e-07
   3.8000000e+02   5.2698700e-08
   3.8100000e+02   1.7008800e-07
   3.8200000e+02   1.9184800e-07
   3.8300000e+02   2.8485900e-07
   3.8400000e+02   2.1741600e-07
   3.8500000e+02   2.0203700e-07
   3.8600000e+02   1.0634200e-07
   3.8700000e+02   2.3679700e-07
   3.8800000e+02   2.6985800e-07
   3.8900000e+02   1.7023000e-07
   3.9000000e+02   1.7460700e-07
   3.9100000e+02   1.8129800e-07
   3.9200000e+02   7.6553700e-09
   3.9300000e+02   2.2444000e-07
   3.9400000e+02   2.2228700e-07
   3.9500000e+02   1.5106500e-07
   3.9600000e+02   1.2963400e-07
   3.9700000e+02   1.2359300e-07
   3.9800000e+02   6.4867900e-08
   3.9900000e+02   1.1319300e-07
   4.0000000e+02   1.9567500e-07
   4.0100000e+02   1.7305000e-07
   4.0200000e+02   2.1296500e-08
   4.0300000e+02   9.0536500e-08
   4.0400000e+02   1.0804400e-07
   4.0500000e+02   1.3512900e-07
   4.0600000e+02   1.1351400e-07
   4.0700000e+02   1.4394100e-08
   4.0800000e+02   1.5588900e-07
   4.0900000e+02   2.0349700e-07
   4.1000000e+02   4.2627400e-07
   4.1100000e+02   8.6801400e-07
   4.1200000e+02   2.0660200e-06
   4.1300000e+02   4.1774100e-06
   4.1400000e+02   8.5177700e-06
   4.1500000e+02   1.8800000e-05
   4.1600000e+02   4.7000000e-05
   4.1700000e+02   1.1810000e-04
   4.1800000e+02   2.8720000e-04
   4.1900000e+02   6.6300000e-04
   4.2000000e+02   1.4620000e-03
   4.2100000e+02   3.1547000e-03
   4.2200000e+02   6.7851000e-03
   4.2300000e+02   1.4364400e-02
   4.2400000e+02   3.0017300e-02
   4.2500000e+02   5.9699200e-02
   4.2600000e+02   1.1009160e-01
   4.2700000e+02   1.8180950e-01
   4.2800000e+02   2.6337830e-01
   4.2900000e+02   3.3760600e-01
   4.3000000e+02   3.9063650e-01
   4.3100000e+02   4.2654660e-01
   4.3200000e+02   4.5947020e-01
   4.3300000e+02   5.0124580e-01
   4.3400000e+02   5.5497470e-01
   4.3500000e+02   6.1625220e-01
   4.3600000e+02   6.7085210e-01
   4.3700000e+02   7.0630450e-01
   4.3800000e+02   7.1980120e-01
   4.3900000e+02   7.1760350e-01
   4.4000000e+02   7.1189650e-01
   4.4100000e+02   7.1083150e-01
   4.4200000e+02   7.1698360e-01
   4.4300000e+02   7.2817430e-01
   4.4400000e+02   7.3973690e-01
   4.4500000e+02   7.4746170e-01
   4.4600000e+02   7.4969140e-01
   4.4700000e+02   7.4663990e-01
   4.4800000e+02   7.3943600e-01
   4.4900000e+02   7.2935460e-01
   4.5000000e+02   7.1580720e-01
   4.5100000e+02   6.9898500e-01
   4.5200000e+02   6.7952610e-01
   4.5300000e+02   6.5828750e-01
   4.5400000e+02   6.3755440e-01
   4.5500000e+02   6.2081860e-01
   4.5600000e+02   6.1014370e-01
   4.5700000e+02   6.0695060e-01
   4.5800000e+02   6.1112610e-01
   4.5900000e+02   6.1922440e-01
   4.6000000e+02   6.2553050e-01
   4.6100000e+02   6.2117120e-01
   4.6200000e+02   5.9548440e-01
   4.6300000e+02   5.4301840e-01
   4.6400000e+02   4.6560750e-01
   4.6500000e+02   3.7511840e-01
   4.6600000e+02   2.8336500e-01
   4.6700000e+02   2.0312430e-01
   4.6800000e+02   1.3968170e-01
   4.6900000e+02   9.3979900e-02
   4.7000000e+02   6.2584800e-02
   4.7100000e+02   4.1196800e-02
   4.7200000e+02   2.7195900e-02
   4.7300000e+02   1.8080100e-02
   4.7400000e+02   1.2059600e-02
   4.7500000e+02   8.1197000e-03
   4.7600000e+02   5.5262000e-03
   4.7700000e+02   3.8021000e-03
   4.7800000e+02   2.6555000e-03
   4.7900000e+02   1.8675000e-03
   4.8000000e+02   1.3327000e-03
   4.8100000e+02   9.6260000e-04
   4.8200000e+02   7.0330000e-04
   4.8300000e+02   5.2030000e-04
   4.8400000e+02   3.8850000e-04
   4.8500000e+02   2.9380000e-04
   4.8600000e+02   2.2630000e-04
   4.8700000e+02   1.7500000e-04
   4.8800000e+02   1.3680000e-04
   4.8900000e+02   1.0800000e-04
   4.9000000e+02   8.6700000e-05
   4.9100000e+02   7.0300000e-05
   4.9200000e+02   5.6900000e-05
   4.9300000e+02   4.6100000e-05
   4.9400000e+02   3.7500000e-05
   4.9500000e+02   2.9900000e-05
   4.9600000e+02   2.3800000e-05
   4.9700000e+02   1.8700000e-05
   4.9800000e+02   1.4600000e-05
   4.9900000e+02   1.1100000e-05
   5.0000000e+02   8.4603400e-06
   5.0100000e+02   6.4087900e-06
   5.0200000e+02   4.5327000e-06
   5.0300000e+02   3.2738600e-06
   5.0400000e+02   2.3320000e-06
   5.0500000e+02   1.5603500e-06
   5.0600000e+02   1.0811500e-06
   5.0700000e+02   7.2728000e-07
   5.0800000e+02   4.6944300e-07
   5.0900000e+02   3.0354100e-07
   5.1000000e+02   1.7132400e-07
   5.1100000e+02   1.4001000e-07
   5.1200000e+02   1.2909600e-07
   5.1300000e+02   6.2063200e-08
   5.1400000e+02   1.1446500e-07
   5.1500000e+02   8.7568100e-08
   5.1600000e+02   7.8939800e-08
   5.1700000e+02   1.1410000e-07
   5.1800000e+02   7.7822200e-08
   5.1900000e+02   1.8117600e-08
   5.2000000e+02   5.5004700e-08
   5.2100000e+02   5.0431200e-08
   5.2200000e+02   9.4892100e-09
   5.2300000e+02   1.3317000e-08
   5.2400000e+02   4.8157200e-08
   5.2500000e+02   3.4759100e-08
   5.2600000e+02   3.6336500e-08
   5.2700000e+02   5.4951100e-08
   5.2800000e+02   8.0927900e-08
   5.2900000e+02   3.5387200e-09
   5.3000000e+02   4.7512900e-08
   5.3100000e+02   5.8617900e-08
   5.3200000e+02   3.9436200e-08
   5.3300000e+02   6.4358400e-08
   5.3400000e+02   5.4335900e-08
   5.3500000e+02   1.3233100e-07
   5.3600000e+02   2.7574400e-08
   5.3700000e+02   3.4681900e-08
   5.3800000e+02   3.3710300e-08
   5.3900000e+02   7.1928100e-08
   5.4000000e+02   4.8574600e-08
   5.4100000e+02   3.2772000e-08
   5.4200000e+02   3.0394900e-08
   5.4300000e+02   4.5059400e-08
   5.4400000e+02   8.4770200e-09
   5.4500000e+02   6.2591500e-08
   5.4600000e+02   1.2350700e-07
   5.4700000e+02   7.5864900e-09
   5.4800000e+02   9.3864100e-08
   5.4900000e+02   7.7910800e-08
   5.5000000e+02   1.0497600e-07
   5.5100000e+02   2.2481000e-07
   5.5200000e+02   3.3338400e-07
   5.5300000e+02   5.4163700e-07
   5.5400000e+02   6.3321100e-07
   5.5500000e+02   9.8887500e-07
   5.5600000e+02   1.5524100e-06
   5.5700000e+02   2.1398700e-06
   5.5800000e+02   2.1064400e-06
   5.5900000e+02   1.6003500e-06
   5.6000000e+02   8.1628900e-07
   5.6100000e+02   3.8964200e-07
   5.6200000e+02   2.9232000e-07
   5.6300000e+02   1.1830900e-07
   5.6400000e+02   1.6044300e-07
   5.6500000e+02   6.3456700e-08
   5.6600000e+02   1.3146600e-07
   5.6700000e+02   1.9847600e-08
   5.6800000e+02   2.5378100e-07
   5.6900000e+02   1.0991700e-07
   5.7000000e+02   4.3814400e-08
   5.7100000e+02   4.5196800e-08
   5.7200000e+02   2.4178200e-07
   5.7300000e+02   3.0669800e-07
   5.7400000e+02   5.1818300e-07
   5.7500000e+02   8.9758700e-07
   5.7600000e+02   2.0002800e-06
   5.7700000e+02   4.1422500e-06
   5.7800000e+02   6.4612600e-06
   5.7900000e+02   5.9427200e-06
   5.8000000e+02   3.0386800e-06
   5.8100000e+02   9.8905300e-07
   5.8200000e+02   4.0470900e-07
   5.8300000e+02   2.0729200e-09
   5.8400000e+02   1.0643100e-07
   5.8500000e+02   3.4888600e-08
   5.8600000e+02   5.9208700e-08
   5.8700000e+02   3.7174800e-08
   5.8800000e+02   6.2378100e-08
   5.8900000e+02   1.5051100e-07
   5.9000000e+02   3.3079700e-08
   5.9100000e+02   2.2069700e-08
   5.9200000e+02   1.2380500e-07
   5.9300000e+02   1.4828100e-09
   5.9400000e+02   1.8773300e-08
   5.9500000e+02   1.0048900e-07
   5.9600000e+02   1.2208300e-08
   5.9700000e+02   2.2079600e-07
   5.9800000e+02   7.5186000e-08
   5.9900000e+02   7.4993400e-08
   6.0000000e+02   3.2413700e-08
   6.0100000e+02   1.1727600e-08
   6.0200000e+02   6.7582200e-08
   6.0300000e+02   1.2535400e-08
   6.0400000e+02   6.2159700e-08
   6.0500000e+02   4.2511600e-08
   6.0600000e+02   1.1626800e-08
   6.0700000e+02   3.8969200e-08
   6.0800000e+02   3.0049300e-08
   6.0900000e+02   2.2940000e-08
   6.1000000e+02   2.6667800e-08
   6.1100000e+02   1.0943500e-07
   6.1200000e+02   1.0152400e-07
   6.1300000e+02   4.3189800e-09
   6.1400000e+02   3.3162100e-08
   6.1500000e+02   7.0193000e-08
   6.1600000e+02   3.7872100e-08
   6.1700000e+02   1.9807800e-08
   6.1800000e+02   1.8676200e-08
   6.1900000e+02   6.1152400e-08
   6.2000000e+02   3.8620100e-09
   6.2100000e+02   2.8013200e-08
   6.2200000e+02   2.4715400e-08
   6.2300000e+02   2.8378600e-08
   6.2400000e+02   1.8663500e-08
   6.2500000e+02   4.5545500e-08
   6.2600000e+02   1.8347800e-08
   6.2700000e+02   4.9621500e-09
   6.2800000e+02   5.3910000e-08
   6.2900000e+02   6.2690100e-08
   6.3000000e+02   8.9736400e-10
   6.3100000e+02   1.4918200e-08
   6.3200000e+02   6.5678700e-08
   6.3300000e+02   4.3204200e-08
   6.3400000e+02   2.1731300e-08
   6.3500000e+02   6.4276800e-08
   6.3600000e+02   8.1207800e-08
   6.3700000e+02   5.2236100e-08
   6.3800000e+02   1.3130400e-08
   6.3900000e+02   6.0385400e-08
   6.4000000e+02   6.4590600e-08
   6.4100000e+02   7.3688000e-08
   6.4200000e+02   6.0759700e-08
   6.4300000e+02   1.5024800e-07
   6.4400000e+02   3.4288900e-08
   6.4500000e+02   9.4727100e-08
   6.4600000e+02   1.0670200e-07
   6.4700000e+02   5.4827000e-08
   6.4800000e+02   1.0753900e-07
   6.4900000e+02   4.0306200e-08
   6.5000000e+02   1.1796900e-08
   6.5100000e+02   3.3106700e-08
   6.5200000e+02   4.9792700e-08
   6.5300000e+02   2.3462300e-09
   6.5400000e+02   7.2278900e-08
   6.5500000e+02   4.4382700e-08
   6.5600000e+02   2.3019100e-08
   6.5700000e+02   5.7406700e-08
   6.5800000e+02   3.1868300e-08
   6.5900000e+02   2.8782100e-08
   6.6000000e+02   1.9847600e-08
   6.6100000e+02   8.8421600e-08
   6.6200000e+02   5.3894700e-09
   6.6300000e+02   1.0883800e-07
   6.6400000e+02   4.9690300e-08
   6.6500000e+02   8.2598000e-08
   6.6600000e+02   6.0466400e-08
   6.6700000e+02   2.0946300e-09
   6.6800000e+02   7.7679000e-08
   6.6900000e+02   1.2490100e-07
   6.7000000e+02   7.4532300e-08
   6.7100000e+02   3.2176200e-08
   6.7200000e+02   2.9985200e-08
   6.7300000e+02   4.8178800e-08
   6.7400000e+02   1.1218200e-08
   6.7500000e+02   2.9899000e-09
   6.7600000e+02   7.4547200e-08
   6.7700000e+02   8.4810300e-08
   6.7800000e+02   1.3355200e-07
   6.7900000e+02   5.7560700e-08
   6.8000000e+02   1.9136100e-08
   6.8100000e+02   1.7063600e-07
   6.8200000e+02   1.0243100e-07
   6.8300000e+02   8.4584200e-08
   6.8400000e+02   4.7697200e-08
   6.8500000e+02   6.9696700e-08
   6.8600000e+02   2.8617200e-09
   6.8700000e+02   4.4213200e-08
   6.8800000e+02   1.1072900e-07
   6.8900000e+02   4.6370400e-08
   6.9000000e+02   3.8003900e-08
   6.9100000e+02   1.1388400e-07
   6.9200000e+02   7.4458700e-08
   6.9300000e+02   5.2411100e-08
   6.9400000e+02   4.7455400e-08
   6.9500000e+02   7.9098500e-08
   6.9600000e+02   2.7564500e-08
   6.9700000e+02   4.4612000e-08
   6.9800000e+02   3.2333100e-08
   6.9900000e+02   2.5940100e-08
   7.0000000e+02   3.9623000e-08
   7.0100000e+02   7.1538400e-08
   7.0200000e+02   2.1898700e-08
   7.0300000e+02   4.0286500e-08
   7.0400000e+02   4.1238300e-08
   7.0500000e+02   8.1626500e-08
   7.0600000e+02   4.2079000e-08
   7.0700000e+02   6.5289200e-09
   7.0800000e+02   7.9838600e-08
   7.0900000e+02   8.8398000e-10
   7.1000000e+02   1.0443900e-08
   7.1100000e+02   4.8050100e-08
   7.1200000e+02   1.7423400e-07
   7.1300000e+02   4.0659700e-08
   7.1400000e+02   4.3048500e-08
   7.1500000e+02   5.6087700e-10
   7.1600000e+02   8.0990500e-08
   7.1700000e+02   3.3503300e-08
   7.1800000e+02   5.2659700e-08
   7.1900000e+02   1.2526900e-08
   7.2000000e+02   3.6961600e-08
   7.2100000e+02   8.6351100e-08
   7.2200000e+02   1.6909100e-08
   7.2300000e+02   7.8187500e-08
   7.2400000e+02   9.1335100e-08
   7.2500000e+02   2.6245100e-10
   7.2600000e+02   8.8497700e-08
   7.2700000e+02   7.1494500e-08
   7.2800000e+02   8.1023400e-08
   7.2900000e+02   5.3371300e-08
   7.3000000e+02   1.6767400e-08
   7.3100000e+02   4.3759300e-08
   7.3200000e+02   2.7718100e-08
   7.3300000e+02   9.3232000e-08
   7.3400000e+02   2.8811200e-08
   7.3500000e+02   2.0586900e-08
   7.3600000e+02   6.7042100e-08
   7.3700000e+02   7.0593300e-08
   7.3800000e+02   1.8474800e-07
   7.3900000e+02   2.0173700e-08
   7.4000000e+02   4.3226800e-08
   7.4100000e+02   7.9270400e-08
   7.4200000e+02   1.3647700e-07
   7.4300000e+02   4.1427100e-08
   7.4400000e+02   7.0626800e-08
   7.4500000e+02   4.4473400e-08
   7.4600000e+02   5.1991100e-08
   7.4700000e+02   3.1919600e-08
   7.4800000e+02   1.0301100e-07
   7.4900000e+02   2.7605000e-08
   7.5000000e+02   7.6909200e-08
   7.5100000e+02   1.2604700e-07
   7.5200000e+02   3.7678800e-08
   7.5300000e+02   8.0880400e-08
   7.5400000e+02   3.8158500e-08
   7.5500000e+02   7.4824500e-08
   7.5600000e+02   1.1591200e-07
   7.5700000e+02   3.9365300e-08
   7.5800000e+02   1.3828600e-08
   7.5900000e+02   3.2071000e-08
   7.6000000e+02   1.6142100e-07
   7.6100000e+02   2.4379700e-08
   7.6200000e+02   9.7600500e-08
   7.6300000e+02   7.5343200e-08
   7.6400000e+02   7.4145100e-09
   7.6500000e+02   1.2431500e-07
   7.6600000e+02   3.6090600e-08
   7.6700000e+02   1.7244200e-08
   7.6800000e+02   3.3519100e-08
   7.6900000e+02   1.3602600e-08
   7.7000000e+02   1.6107800e-07
   7.7100000e+02   4.8031100e-08
   7.7200000e+02   4.6351100e-08
   7.7300000e+02   3.3612000e-09
   7.7400000e+02   7.6138400e-09
   7.7500000e+02   8.1068500e-08
   7.7600000e+02   2.8388000e-08
   7.7700000e+02   2.4170100e-08
   7.7800000e+02   4.8125200e-08
   7.7900000e+02   1.3051400e-08
   7.8000000e+02   1.1840400e-07
   7.8100000e+02   3.0541200e-08
   7.8200000e+02   4.7369800e-08
   7.8300000e+02   3.2180400e-08
   7.8400000e+02   1.2572700e-07
   7.8500000e+02   5.3816600e-08
   7.8600000e+02   4.6186500e-08
   7.8700000e+02   1.6828200e-08
   7.8800000e+02   6.7094700e-08
   7.8900000e+02   2.4170000e-07
   7.9000000e+02   1.2355200e-08
   7.9100000e+02   7.9805300e-09
   7.9200000e+02   7.5029300e-08
   7.9300000e+02   4.0819900e-08
   7.9400000e+02   7.0003800e-08
   7.9500000e+02   7.3028700e-08
   7.9600000e+02   1.1173200e-07
   7.9700000e+02   2.6096800e-08
   7.9800000e+02   2.4588100e-08
   7.9900000e+02   6.5622400e-08
   8.0000000e+02   1.5800000e-05
   8.0100000e+02   1.3600000e-05
   8.0200000e+02   1.2100000e-05
   8.0300000e+02   1.2900000e-05
   8.0400000e+02   1.6100000e-05
   8.0500000e+02   1.2500000e-05
   8.0600000e+02   1.5600000e-05
   8.0700000e+02   1.4900000e-05
   8.0800000e+02   1.0600000e-05
   8.0900000e+02   1.1000000e-05
   8.1000000e+02   1.1700000e-05
   8.1100000e+02   7.3988300e-06
   8.1200000e+02   1.2400000e-05
   8.1300000e+02   1.0700000e-05
   8.1400000e+02   6.9869700e-06
   8.1500000e+02   9.6632500e-06
   8.1600000e+02   8.4275600e-06
   8.1700000e+02   9.0622900e-06
   8.1800000e+02   7.2457200e-06
   8.1900000e+02   9.6937300e-06
   8.2000000e+02   9.6586600e-06
   8.2100000e+02   6.3966700e-06
   8.2200000e+02   1.0700000e-05
   8.2300000e+02   7.1294100e-06
   8.2400000e+02   7.4159300e-06
   8.2500000e+02   8.8690300e-06
   8.2600000e+02   6.4737200e-06
   8.2700000e+02   6.9065300e-06
   8.2800000e+02   7.9985800e-06
   8.2900000e+02   9.3334600e-06
   8.3000000e+02   6.9485600e-06
   8.3100000e+02   8.5699500e-06
   8.3200000e+02   7.0160500e-06
   8.3300000e+02   8.5408800e-06
   8.3400000e+02   6.9845400e-06
   8.3500000e+02   6.8652500e-06
   8.3600000e+02   5.9981400e-06
   8.3700000e+02   7.1562500e-06
   8.3800000e+02   5.9306700e-06
   8.3900000e+02   6.2722100e-06
   8.4000000e+02   4.3816500e-06
   8.4100000e+02   6.1196900e-06
   8.4200000e+02   6.5569100e-06
   8.4300000e+02   5.7736600e-06
   8.4400000e+02   5.7893800e-06
   8.4500000e+02   6.2154800e-06
   8.4600000e+02   5.3717000e-06
   8.4700000e+02   5.9569000e-06
   8.4800000e+02   4.9903500e-06
   8.4900000e+02   4.8789800e-06
   8.5000000e+02   5.7266700e-06
   8.5100000e+02   4.8178800e-06
   8.5200000e+02   3.3860700e-06
   8.5300000e+02   4.8175700e-06
   8.5400000e+02   5.0569300e-06
   8.5500000e+02   3.0271400e-06
   8.5600000e+02   1.9287800e-06
   8.5700000e+02   3.0547400e-06
   8.5800000e+02   2.5850300e-06
   8.5900000e+02   2.4506900e-06
   8.6000000e+02   2.0956600e-06
   8.6100000e+02   3.3829800e-06
   8.6200000e+02   4.1143300e-06
   8.6300000e+02   2.6242200e-06
   8.6400000e+02   2.5772900e-06
   8.6500000e+02   1.5949100e-06
   8.6600000e+02   2.6904900e-06
   8.6700000e+02   3.0533100e-06
   8.6800000e+02   1.1459400e-06
   8.6900000e+02   1.9644600e-06
   8.7000000e+02   1.5610100e-06
   8.7100000e+02   6.0599700e-07
   8.7200000e+02   1.3539500e-06
   8.7300000e+02   8.0729300e-07
   8.7400000e+02   8.0196900e-07
   8.7500000e+02   1.2922000e-06
   8.7600000e+02   2.3782400e-07
   8.7700000e+02   9.5858300e-07
   8.7800000e+02   8.0963300e-07
   8.7900000e+02   1.1231800e-06
   8.8000000e+02   6.7757400e-07
   8.8100000e+02   5.4699600e-07
   8.8200000e+02   1.1405500e-06
   8.8300000e+02   1.8253500e-07
   8.8400000e+02   9.8619000e-07
   8.8500000e+02   1.4062000e-06
   8.8600000e+02   4.0498600e-07
   8.8700000e+02   8.1141400e-07
   8.8800000e+02   1.2091200e-06
   8.8900000e+02   1.0499400e-06
   8.9000000e+02   1.0296200e-06
   8.9100000e+02   5.7417000e-07
   8.9200000e+02   5.2775600e-07
   8.9300000e+02   4.1294000e-07
   8.9400000e+02   7.0955100e-07
   8.9500000e+02   1.1152800e-07
   8.9600000e+02   9.8313800e-07
   8.9700000e+02   9.4330300e-07
   8.9800000e+02   2.2609500e-08
   8.9900000e+02   5.6371500e-07
   9.0000000e+02   2.7782500e-07
   9.0100000e+02   2.9645800e-07
   9.0200000e+02   2.8288400e-08
   9.0300000e+02   1.0238500e-06
   9.0400000e+02   3.7603200e-07
   9.0500000e+02   4.5808700e-07
   9.0600000e+02   5.7152500e-07
   9.0700000e+02   7.2176600e-07
   9.0800000e+02   8.5650900e-07
   9.0900000e+02   1.9239800e-06
   9.1000000e+02   4.1282300e-07
   9.1100000e+02   2.2173100e-07
   9.1200000e+02   1.1352400e-06
   9.1300000e+02   2.7930300e-07
   9.1400000e+02   5.4266400e-07
   9.1500000e+02   1.5276800e-06
   9.1600000e+02   5.2296700e-08
   9.1700000e+02   5.1018800e-07
   9.1800000e+02   6.2853900e-07
   9.1900000e+02   6.0433900e-07
   9.2000000e+02   5.1299100e-07
   9.2100000e+02   6.6989000e-08
   9.2200000e+02   8.2622300e-07
   9.2300000e+02   1.3906700e-06
   9.2400000e+02   7.2294500e-08
   9.2500000e+02   1.1461100e-06
   9.2600000e+02   6.0283200e-07
   9.2700000e+02   4.2498600e-07
   9.2800000e+02   1.2080400e-07
   9.2900000e+02   8.1452600e-07
   9.3000000e+02   1.1024300e-07
   9.3100000e+02   3.1887200e-07
   9.3200000e+02   2.5726700e-07
   9.3300000e+02   3.5111500e-07
   9.3400000e+02   2.7959300e-07
   9.3500000e+02   6.7868400e-07
   9.3600000e+02   5.1236000e-07
   9.3700000e+02   1.0140400e-06
   9.3800000e+02   6.7265400e-07
   9.3900000e+02   6.2259800e-07
   9.4000000e+02   9.3016300e-07
   9.4100000e+02   6.8710100e-07
   9.4200000e+02   5.3775400e-08
   9.4300000e+02   6.3654600e-07
   9.4400000e+02   6.1434100e-07
   9.4500000e+02   7.2150900e-07
   9.4600000e+02   5.7273000e-07
   9.4700000e+02   2.1977500e-07
   9.4800000e+02   2.8104600e-07
   9.4900000e+02   8.0735900e-07
   9.5000000e+02   6.6502200e-07
   9.5100000e+02   8.3108700e-07
   9.5200000e+02   9.9559200e-08
   9.5300000e+02   6.1008600e-07
   9.5400000e+02   5.1417500e-07
   9.5500000e+02   5.2660500e-07
   9.5600000e+02   6.8105900e-07
   9.5700000e+02   8.9874100e-07
   9.5800000e+02   3.6554700e-07
   9.5900000e+02   1.9693300e-06
   9.6000000e+02   3.4482500e-07
   9.6100000e+02   4.9625900e-07
   9.6200000e+02   3.1910000e-09
   9.6300000e+02   1.5740300e-07
   9.6400000e+02   4.1063300e-07
   9.6500000e+02   1.0218900e-06
   9.6600000e+02   9.3522000e-08
   9.6700000e+02   1.3209700e-06
   9.6800000e+02   7.0922200e-07
   9.6900000e+02   1.0646200e-06
   9.7000000e+02   1.9064200e-07
   9.7100000e+02   1.1962800e-06
   9.7200000e+02   7.0060700e-07
   9.7300000e+02   9.3557400e-07
   9.7400000e+02   3.6317600e-07
   9.7500000e+02   2.6196900e-07
   9.7600000e+02   2.1145300e-07
   9.7700000e+02   4.2700800e-07
   9.7800000e+02   1.1604300e-07
   9.7900000e+02   7.6007100e-07
   9.8000000e+02   1.4355800e-06
   9.8100000e+02   4.1480500e-07
   9.8200000e+02   8.0951000e-07
   9.8300000e+02   1.4543700e-06
   9.8400000e+02   7.7253800e-07
   9.8500000e+02   6.9493400e-07
   9.8600000e+02   2.3408000e-07
   9.8700000e+02   5.0332900e-07
   9.8800000e+02   7.3165800e-07
   9.8900000e+02   1.0329800e-06
   9.9000000e+02   2.7259300e-08
   9.9100000e+02   2.6466200e-07
   9.9200000e+02   3.0595700e-07
   9.9300000e+02   1.9932000e-07
   9.9400000e+02   3.8354700e-07
   9.9500000e+02   6.6007900e-07
   9.9600000e+02   1.8390700e-06
   9.9700000e+02   9.8935600e-07
   9.9800000e+02   5.2605500e-07
   9.9900000e+02   1.2109800e-06
   1.0000000e+03   4.5653200e-07
   1.0010000e+03   3.2659200e-07
   1.0020000e+03   7.7032800e-07
   1.0030000e+03   2.4946000e-07
   1.0040000e+03   6.3445600e-09
   1.0050000e+03   1.1405300e-07
   1.0060000e+03   4.8691700e-07
   1.0070000e+03   1.4457300e-06
   1.0080000e+03   8.8539500e-07
   1.0090000e+03   1.1825700e-06
   1.0100000e+03   3.3072600e-07
   1.0110000e+03   8.4622900e-07
   1.0120000e+03   5.4150600e-07
   1.0130000e+03   2.3475300e-07
   1.0140000e+03   8.9801700e-07
   1.0150000e+03   8.9287000e-08
   1.0160000e+03   1.0634300e-06
   1.0170000e+03   2.1987100e-07
   1.0180000e+03   3.4773300e-07
   1.0190000e+03   7.4067900e-07
   1.0200000e+03   4.5621300e-07
   1.0210000e+03   7.0461300e-07
   1.0220000e+03   1.4015100e-07
   1.0230000e+03   9.5134300e-08
   1.0240000e+03   4.2552400e-07
   1.0250000e+03   1.1629700e-08
   1.0260000e+03   2.9173700e-07
   1.0270000e+03   6.0884700e-07
   1.0280000e+03   1.1945000e-06
   1.0290000e+03   5.8031500e-07
   1.0300000e+03   4.5124200e-07
   1.0310000e+03   5.9253200e-08
   1.0320000e+03   9.5957900e-07
   1.0330000e+03   1.2115800e-06
   1.0340000e+03   5.5110000e-07
   1.0350000e+03   6.8251100e-07
   1.0360000e+03   1.1039600e-06
   1.0370000e+03   8.5031000e-07
   1.0380000e+03   1.6304500e-06
   1.0390000e+03   4.1902700e-07
   1.0400000e+03   6.0433600e-07
   1.0410000e+03   7.2569300e-07
   1.0420000e+03   5.3406100e-07
   1.0430000e+03   9.4692600e-07
   1.0440000e+03   5.9860200e-07
   1.0450000e+03   1.6120700e-06
   1.0460000e+03   6.2257300e-08
   1.0470000e+03   3.8367900e-07
   1.0480000e+03   5.8721400e-07
   1.0490000e+03   3.1701200e-07
   1.0500000e+03   4.9414200e-07
   1.0510000e+03   1.2522500e-06
   1.0520000e+03   9.0764000e-07
   1.0530000e+03   4.3057400e-07
   1.0540000e+03   7.6992900e-07
   1.0550000e+03   4.4278000e-07
   1.0560000e+03   2.7858800e-07
   1.0570000e+03   8.4387600e-07
   1.0580000e+03   8.7717800e-07
   1.0590000e+03   1.3837000e-06
   1.0600000e+03   9.6500800e-08
   1.0610000e+03   8.2173200e-07
   1.0620000e+03   2.7908500e-07
   1.0630000e+03   8.6289500e-07
   1.0640000e+03   5.9263300e-07
   1.0650000e+03   4.6259800e-08
   1.0660000e+03   2.4553000e-07
   1.0670000e+03   3.7055300e-07
   1.0680000e+03   7.8812400e-07
   1.0690000e+03   5.9154000e-07
   1.0700000e+03   3.6257800e-07
   1.0710000e+03   9.6748500e-07
   1.0720000e+03   4.4034100e-07
   1.0730000e+03   1.2020400e-06
   1.0740000e+03   2.3223700e-07
   1.0750000e+03   2.1435300e-07
   1.0760000e+03   3.0877700e-07
   1.0770000e+03   1.4307500e-07
   1.0780000e+03   1.6018900e-07
   1.0790000e+03   7.9807800e-08
   1.0800000e+03   1.4134800e-07
   1.0810000e+03   1.2025200e-06
   1.0820000e+03   4.9454600e-07
   1.0830000e+03   5.9067000e-07
   1.0840000e+03   7.3511700e-07
   1.0850000e+03   1.3957000e-08
   1.0860000e+03   1.0847000e-08
   1.0870000e+03   1.1930300e-06
   1.0880000e+03   1.7378200e-07
   1.0890000e+03   3.3635600e-07
   1.0900000e+03   1.8936700e-07
   1.0910000e+03   6.1103100e-07
   1.0920000e+03   4.0324300e-07
   1.0930000e+03   1.2514200e-07
   1.0940000e+03   1.0236900e-07
   1.0950000e+03   1.4510900e-06
   1.0960000e+03   1.2051300e-06
   1.0970000e+03   2.7492800e-08
   1.0980000e+03   8.2428700e-08
   1.0990000e+03   6.8434200e-07
   1.1000000e+03   1.9149800e-07
