   3.0000000e+02   1.0946500e-06
   3.0100000e+02   1.1032800e-06
   3.0200000e+02   1.3636300e-06
   3.0300000e+02   1.6372400e-06
   3.0400000e+02   1.6848800e-06
   3.0500000e+02   2.1562600e-06
   3.0600000e+02   2.6213500e-06
   3.0700000e+02   2.7391000e-06
   3.0800000e+02   3.1328900e-06
   3.0900000e+02   3.4719200e-06
   3.1000000e+02   4.0660900e-06
   3.1100000e+02   4.6135600e-06
   3.1200000e+02   4.8538400e-06
   3.1300000e+02   5.0618200e-06
   3.1400000e+02   5.6159800e-06
   3.1500000e+02   6.2410500e-06
   3.1600000e+02   6.5810900e-06
   3.1700000e+02   7.1569300e-06
   3.1800000e+02   7.3717200e-06
   3.1900000e+02   7.9536600e-06
   3.2000000e+02   8.3139100e-06
   3.2100000e+02   8.7634200e-06
   3.2200000e+02   9.4543700e-06
   3.2300000e+02   9.6822900e-06
   3.2400000e+02   9.6611000e-06
   3.2500000e+02   1.0100000e-05
   3.2600000e+02   1.0400000e-05
   3.2700000e+02   1.0300000e-05
   3.2800000e+02   1.0900000e-05
   3.2900000e+02   1.0900000e-05
   3.3000000e+02   1.1500000e-05
   3.3100000e+02   1.1700000e-05
   3.3200000e+02   1.1900000e-05
   3.3300000e+02   1.2200000e-05
   3.3400000e+02   1.2300000e-05
   3.3500000e+02   1.2100000e-05
   3.3600000e+02   1.2600000e-05
   3.3700000e+02   1.2900000e-05
   3.3800000e+02   1.2900000e-05
   3.3900000e+02   1.3100000e-05
   3.4000000e+02   1.3600000e-05
   3.4100000e+02   1.4700000e-05
   3.4200000e+02   1.3900000e-05
   3.4300000e+02   1.4500000e-05
   3.4400000e+02   1.4700000e-05
   3.4500000e+02   1.4400000e-05
   3.4600000e+02   1.4600000e-05
   3.4700000e+02   1.4600000e-05
   3.4800000e+02   1.4500000e-05
   3.4900000e+02   1.3600000e-05
   3.5000000e+02   1.6100000e-05
   3.5100000e+02   1.5600000e-05
   3.5200000e+02   1.5800000e-05
   3.5300000e+02   1.6400000e-05
   3.5400000e+02   1.6000000e-05
   3.5500000e+02   1.6500000e-05
   3.5600000e+02   1.6500000e-05
   3.5700000e+02   1.6500000e-05
   3.5800000e+02   1.6500000e-05
   3.5900000e+02   1.6700000e-05
   3.6000000e+02   1.6800000e-05
   3.6100000e+02   1.6700000e-05
   3.6200000e+02   1.7000000e-05
   3.6300000e+02   1.7000000e-05
   3.6400000e+02   1.7400000e-05
   3.6500000e+02   1.7300000e-05
   3.6600000e+02   1.7400000e-05
   3.6700000e+02   1.7500000e-05
   3.6800000e+02   1.7500000e-05
   3.6900000e+02   1.7600000e-05
   3.7000000e+02   1.7800000e-05
   3.7100000e+02   1.7700000e-05
   3.7200000e+02   1.7900000e-05
   3.7300000e+02   1.7700000e-05
   3.7400000e+02   1.7900000e-05
   3.7500000e+02   1.7900000e-05
   3.7600000e+02   1.8000000e-05
   3.7700000e+02   1.8000000e-05
   3.7800000e+02   1.8300000e-05
   3.7900000e+02   1.8200000e-05
   3.8000000e+02   1.8200000e-05
   3.8100000e+02   1.8500000e-05
   3.8200000e+02   1.8600000e-05
   3.8300000e+02   1.8400000e-05
   3.8400000e+02   1.8400000e-05
   3.8500000e+02   1.8600000e-05
   3.8600000e+02   1.8700000e-05
   3.8700000e+02   1.8700000e-05
   3.8800000e+02   1.9000000e-05
   3.8900000e+02   1.9100000e-05
   3.9000000e+02   1.9100000e-05
   3.9100000e+02   1.9000000e-05
   3.9200000e+02   1.9300000e-05
   3.9300000e+02   1.9300000e-05
   3.9400000e+02   1.9200000e-05
   3.9500000e+02   1.9200000e-05
   3.9600000e+02   1.9400000e-05
   3.9700000e+02   1.9300000e-05
   3.9800000e+02   1.9300000e-05
   3.9900000e+02   1.9700000e-05
   4.0000000e+02   1.9700000e-05
   4.0100000e+02   1.9900000e-05
   4.0200000e+02   2.0000000e-05
   4.0300000e+02   1.9800000e-05
   4.0400000e+02   1.9900000e-05
   4.0500000e+02   2.0100000e-05
   4.0600000e+02   2.0200000e-05
   4.0700000e+02   2.0300000e-05
   4.0800000e+02   2.0500000e-05
   4.0900000e+02   2.0400000e-05
   4.1000000e+02   2.0400000e-05
   4.1100000e+02   2.0300000e-05
   4.1200000e+02   2.0500000e-05
   4.1300000e+02   2.0700000e-05
   4.1400000e+02   2.0500000e-05
   4.1500000e+02   2.0500000e-05
   4.1600000e+02   2.0600000e-05
   4.1700000e+02   2.0700000e-05
   4.1800000e+02   2.0800000e-05
   4.1900000e+02   2.0900000e-05
   4.2000000e+02   2.0700000e-05
   4.2100000e+02   2.0800000e-05
   4.2200000e+02   2.1000000e-05
   4.2300000e+02   2.0800000e-05
   4.2400000e+02   2.0800000e-05
   4.2500000e+02   2.0900000e-05
   4.2600000e+02   2.0800000e-05
   4.2700000e+02   2.0800000e-05
   4.2800000e+02   2.0900000e-05
   4.2900000e+02   2.0600000e-05
   4.3000000e+02   2.0900000e-05
   4.3100000e+02   2.0500000e-05
   4.3200000e+02   2.0200000e-05
   4.3300000e+02   2.0000000e-05
   4.3400000e+02   1.9800000e-05
   4.3500000e+02   1.9800000e-05
   4.3600000e+02   1.9700000e-05
   4.3700000e+02   1.9000000e-05
   4.3800000e+02   1.8500000e-05
   4.3900000e+02   1.8300000e-05
   4.4000000e+02   1.7500000e-05
   4.4100000e+02   1.6800000e-05
   4.4200000e+02   1.5900000e-05
   4.4300000e+02   1.5300000e-05
   4.4400000e+02   1.4700000e-05
   4.4500000e+02   1.4000000e-05
   4.4600000e+02   1.3600000e-05
   4.4700000e+02   1.2700000e-05
   4.4800000e+02   1.2000000e-05
   4.4900000e+02   1.1100000e-05
   4.5000000e+02   1.0400000e-05
   4.5100000e+02   9.6538000e-06
   4.5200000e+02   8.7495900e-06
   4.5300000e+02   8.2100800e-06
   4.5400000e+02   7.6528900e-06
   4.5500000e+02   7.0615800e-06
   4.5600000e+02   6.4871700e-06
   4.5700000e+02   5.9450800e-06
   4.5800000e+02   5.5004300e-06
   4.5900000e+02   5.0547900e-06
   4.6000000e+02   4.6571200e-06
   4.6100000e+02   4.1827200e-06
   4.6200000e+02   3.9819500e-06
   4.6300000e+02   3.5279800e-06
   4.6400000e+02   3.2792500e-06
   4.6500000e+02   2.9339600e-06
   4.6600000e+02   2.8202600e-06
   4.6700000e+02   2.6369400e-06
   4.6800000e+02   2.3197700e-06
   4.6900000e+02   2.2490800e-06
   4.7000000e+02   2.0080800e-06
   4.7100000e+02   1.8703800e-06
   4.7200000e+02   1.9006200e-06
   4.7300000e+02   1.6714000e-06
   4.7400000e+02   1.5138500e-06
   4.7500000e+02   1.5462300e-06
   4.7600000e+02   1.2453200e-06
   4.7700000e+02   1.2075200e-06
   4.7800000e+02   1.2405200e-06
   4.7900000e+02   1.1095000e-06
   4.8000000e+02   1.1115600e-06
   4.8100000e+02   1.0767700e-06
   4.8200000e+02   9.7625800e-07
   4.8300000e+02   9.1229900e-07
   4.8400000e+02   9.5428100e-07
   4.8500000e+02   9.3504300e-07
   4.8600000e+02   8.4352400e-07
   4.8700000e+02   7.7203200e-07
   4.8800000e+02   9.0528200e-07
   4.8900000e+02   8.3333600e-07
   4.9000000e+02   7.9189300e-07
   4.9100000e+02   8.0590700e-07
   4.9200000e+02   7.7898100e-07
   4.9300000e+02   8.0342500e-07
   4.9400000e+02   8.3608000e-07
   4.9500000e+02   7.8948300e-07
   4.9600000e+02   7.9782200e-07
   4.9700000e+02   7.7864000e-07
   4.9800000e+02   8.5939200e-07
   4.9900000e+02   8.3720700e-07
   5.0000000e+02   7.8365700e-07
   5.0100000e+02   9.2714100e-07
   5.0200000e+02   9.6705300e-07
   5.0300000e+02   1.0684600e-06
   5.0400000e+02   1.3968800e-06
   5.0500000e+02   1.6732400e-06
   5.0600000e+02   2.7038300e-06
   5.0700000e+02   4.8618000e-06
   5.0800000e+02   1.0400000e-05
   5.0900000e+02   2.2900000e-05
   5.1000000e+02   4.9500000e-05
   5.1100000e+02   9.3600000e-05
   5.1200000e+02   1.5310000e-04
   5.1300000e+02   2.2320000e-04
   5.1400000e+02   3.0060000e-04
   5.1500000e+02   3.9030000e-04
   5.1600000e+02   5.0960000e-04
   5.1700000e+02   6.8960000e-04
   5.1800000e+02   9.8020000e-04
   5.1900000e+02   1.4623000e-03
   5.2000000e+02   2.2741000e-03
   5.2100000e+02   3.6355000e-03
   5.2200000e+02   5.9441000e-03
   5.2300000e+02   9.9680000e-03
   5.2400000e+02   1.7100900e-02
   5.2500000e+02   3.0152700e-02
   5.2600000e+02   5.5609000e-02
   5.2700000e+02   1.0427250e-01
   5.2800000e+02   1.9082150e-01
   5.2900000e+02   3.1297170e-01
   5.3000000e+02   4.3118540e-01
   5.3100000e+02   4.9934110e-01
   5.3200000e+02   5.0757030e-01
   5.3300000e+02   4.8854690e-01
   5.3400000e+02   4.7119600e-01
   5.3500000e+02   4.6586900e-01
   5.3600000e+02   4.7262590e-01
   5.3700000e+02   4.8914190e-01
   5.3800000e+02   5.1251550e-01
   5.3900000e+02   5.4048960e-01
   5.4000000e+02   5.7114020e-01
   5.4100000e+02   6.0246960e-01
   5.4200000e+02   6.3137280e-01
   5.4300000e+02   6.5596550e-01
   5.4400000e+02   6.7446170e-01
   5.4500000e+02   6.8614020e-01
   5.4600000e+02   6.9096760e-01
   5.4700000e+02   6.9030060e-01
   5.4800000e+02   6.8587270e-01
   5.4900000e+02   6.7900790e-01
   5.5000000e+02   6.7064220e-01
   5.5100000e+02   6.6167910e-01
   5.5200000e+02   6.5257110e-01
   5.5300000e+02   6.4472990e-01
   5.5400000e+02   6.3949990e-01
   5.5500000e+02   6.3831490e-01
   5.5600000e+02   6.4147570e-01
   5.5700000e+02   6.4816010e-01
   5.5800000e+02   6.5603200e-01
   5.5900000e+02   6.6147930e-01
   5.6000000e+02   6.6130340e-01
   5.6100000e+02   6.5319750e-01
   5.6200000e+02   6.3656020e-01
   5.6300000e+02   6.1383080e-01
   5.6400000e+02   5.8744580e-01
   5.6500000e+02   5.5808810e-01
   5.6600000e+02   5.2364040e-01
   5.6700000e+02   4.7980850e-01
   5.6800000e+02   4.2085330e-01
   5.6900000e+02   3.4688920e-01
   5.7000000e+02   2.6718250e-01
   5.7100000e+02   1.9285850e-01
   5.7200000e+02   1.3280470e-01
   5.7300000e+02   8.9238300e-02
   5.7400000e+02   5.9304900e-02
   5.7500000e+02   3.9438900e-02
   5.7600000e+02   2.6575000e-02
   5.7700000e+02   1.8303400e-02
   5.7800000e+02   1.2760900e-02
   5.7900000e+02   9.0932000e-03
   5.8000000e+02   6.6106000e-03
   5.8100000e+02   4.8865000e-03
   5.8200000e+02   3.6730000e-03
   5.8300000e+02   2.7944000e-03
   5.8400000e+02   2.1520000e-03
   5.8500000e+02   1.6786000e-03
   5.8600000e+02   1.3218000e-03
   5.8700000e+02   1.0484000e-03
   5.8800000e+02   8.3910000e-04
   5.8900000e+02   6.7820000e-04
   5.9000000e+02   5.5480000e-04
   5.9100000e+02   4.5610000e-04
   5.9200000e+02   3.7910000e-04
   5.9300000e+02   3.1890000e-04
   5.9400000e+02   2.6950000e-04
   5.9500000e+02   2.2980000e-04
   5.9600000e+02   1.9610000e-04
   5.9700000e+02   1.6900000e-04
   5.9800000e+02   1.4600000e-04
   5.9900000e+02   1.2750000e-04
   6.0000000e+02   1.1170000e-04
   6.0100000e+02   9.8600000e-05
   6.0200000e+02   8.7400000e-05
   6.0300000e+02   7.8000000e-05
   6.0400000e+02   6.9800000e-05
   6.0500000e+02   6.2500000e-05
   6.0600000e+02   5.6300000e-05
   6.0700000e+02   5.0800000e-05
   6.0800000e+02   4.6100000e-05
   6.0900000e+02   4.2100000e-05
   6.1000000e+02   3.8900000e-05
   6.1100000e+02   3.5500000e-05
   6.1200000e+02   3.2200000e-05
   6.1300000e+02   2.9000000e-05
   6.1400000e+02   2.4900000e-05
   6.1500000e+02   2.0800000e-05
   6.1600000e+02   1.6600000e-05
   6.1700000e+02   1.2700000e-05
   6.1800000e+02   9.2934800e-06
   6.1900000e+02   6.5798500e-06
   6.2000000e+02   4.7636800e-06
   6.2100000e+02   3.3320300e-06
   6.2200000e+02   2.1785900e-06
   6.2300000e+02   1.5364100e-06
   6.2400000e+02   9.6161300e-07
   6.2500000e+02   6.7667400e-07
   6.2600000e+02   4.9656300e-07
   6.2700000e+02   2.3212300e-07
   6.2800000e+02   2.6457000e-07
   6.2900000e+02   1.1839900e-07
   6.3000000e+02   1.6697500e-07
   6.3100000e+02   3.7251000e-08
   6.3200000e+02   3.3189800e-08
   6.3300000e+02   1.2924700e-08
   6.3400000e+02   4.8365100e-08
   6.3500000e+02   1.1160100e-08
   6.3600000e+02   1.0227000e-07
   6.3700000e+02   1.0028600e-08
   6.3800000e+02   6.8280800e-09
   6.3900000e+02   1.4073400e-08
   6.4000000e+02   4.6214100e-08
   6.4100000e+02   8.1082500e-08
   6.4200000e+02   3.4810600e-09
   6.4300000e+02   1.6392000e-08
   6.4400000e+02   3.9294300e-08
   6.4500000e+02   7.5099900e-08
   6.4600000e+02   1.9071900e-08
   6.4700000e+02   4.7882900e-09
   6.4800000e+02   6.9905400e-08
   6.4900000e+02   5.5671600e-08
   6.5000000e+02   3.4738900e-08
   6.5100000e+02   3.6351900e-08
   6.5200000e+02   3.5442000e-08
   6.5300000e+02   5.8769300e-08
   6.5400000e+02   1.2501200e-07
   6.5500000e+02   3.0275800e-09
   6.5600000e+02   6.3629100e-08
   6.5700000e+02   4.1146900e-08
   6.5800000e+02   1.3866600e-08
   6.5900000e+02   3.5639500e-08
   6.6000000e+02   1.0801100e-07
   6.6100000e+02   1.0955600e-09
   6.6200000e+02   1.3947600e-07
   6.6300000e+02   3.3844800e-08
   6.6400000e+02   4.5068100e-09
   6.6500000e+02   1.3898600e-08
   6.6600000e+02   3.5473400e-08
   6.6700000e+02   1.4735400e-07
   6.6800000e+02   1.3538300e-09
   6.6900000e+02   2.9211900e-08
   6.7000000e+02   9.1667300e-09
   6.7100000e+02   1.0102500e-07
   6.7200000e+02   4.6324400e-08
   6.7300000e+02   8.8474100e-09
   6.7400000e+02   4.3791600e-08
   6.7500000e+02   2.0556300e-07
   6.7600000e+02   8.6116000e-08
   6.7700000e+02   1.6486300e-08
   6.7800000e+02   3.8992800e-08
   6.7900000e+02   1.4413800e-07
   6.8000000e+02   6.7852000e-08
   6.8100000e+02   2.0951400e-08
   6.8200000e+02   1.1493400e-07
   6.8300000e+02   2.3781000e-08
   6.8400000e+02   2.3166700e-08
   6.8500000e+02   8.7871700e-08
   6.8600000e+02   4.2035600e-08
   6.8700000e+02   3.8040700e-08
   6.8800000e+02   1.4433500e-07
   6.8900000e+02   3.6303200e-08
   6.9000000e+02   7.6215400e-08
   6.9100000e+02   2.7674000e-08
   6.9200000e+02   1.0551000e-07
   6.9300000e+02   1.1313200e-07
   6.9400000e+02   1.4934200e-09
   6.9500000e+02   1.7659100e-07
   6.9600000e+02   1.2531300e-07
   6.9700000e+02   2.8508000e-08
   6.9800000e+02   1.3134500e-07
   6.9900000e+02   9.3302000e-09
   7.0000000e+02   6.7948400e-09
   7.0100000e+02   5.8233400e-08
   7.0200000e+02   1.8098000e-07
   7.0300000e+02   4.3811800e-08
   7.0400000e+02   2.2987900e-08
   7.0500000e+02   1.7313500e-08
   7.0600000e+02   1.7024400e-07
   7.0700000e+02   2.3340500e-08
   7.0800000e+02   4.3263200e-08
   7.0900000e+02   1.7043100e-07
   7.1000000e+02   1.9695300e-07
   7.1100000e+02   3.7390400e-07
   7.1200000e+02   7.1467300e-07
   7.1300000e+02   1.5636200e-06
   7.1400000e+02   2.2664300e-06
   7.1500000e+02   2.0823700e-06
   7.1600000e+02   1.3344600e-06
   7.1700000e+02   8.4586300e-07
   7.1800000e+02   3.7745900e-07
   7.1900000e+02   2.7726000e-07
   7.2000000e+02   1.6715800e-07
   7.2100000e+02   2.1923800e-07
   7.2200000e+02   1.8503200e-07
   7.2300000e+02   1.4982900e-10
   7.2400000e+02   2.2022800e-07
   7.2500000e+02   2.3342400e-07
   7.2600000e+02   1.1581600e-07
   7.2700000e+02   9.9478400e-08
   7.2800000e+02   3.6455900e-08
   7.2900000e+02   2.8537700e-07
   7.3000000e+02   1.1840700e-07
   7.3100000e+02   1.3016000e-07
   7.3200000e+02   1.3684600e-07
   7.3300000e+02   6.3609700e-08
   7.3400000e+02   2.2399600e-07
   7.3500000e+02   2.6831300e-08
   7.3600000e+02   1.0786800e-07
   7.3700000e+02   1.6612200e-07
   7.3800000e+02   4.7054200e-08
   7.3900000e+02   3.2584700e-07
   7.4000000e+02   1.0576700e-07
   7.4100000e+02   1.1024600e-07
   7.4200000e+02   1.0976600e-07
   7.4300000e+02   4.6504800e-08
   7.4400000e+02   2.0806100e-07
   7.4500000e+02   1.1971900e-08
   7.4600000e+02   1.0544100e-07
   7.4700000e+02   6.3396400e-08
   7.4800000e+02   2.4285000e-07
   7.4900000e+02   3.9411000e-08
   7.5000000e+02   9.9406000e-08
   7.5100000e+02   1.3986900e-07
   7.5200000e+02   1.9224400e-07
   7.5300000e+02   2.3416200e-07
   7.5400000e+02   1.0519800e-07
   7.5500000e+02   2.1811200e-07
   7.5600000e+02   1.4966100e-07
   7.5700000e+02   3.0390500e-07
   7.5800000e+02   1.4378600e-07
   7.5900000e+02   1.1530100e-07
   7.6000000e+02   1.5930600e-07
   7.6100000e+02   2.7812700e-07
   7.6200000e+02   3.3803600e-07
   7.6300000e+02   1.8370000e-07
   7.6400000e+02   2.1632700e-07
   7.6500000e+02   4.1092000e-07
   7.6600000e+02   4.9125700e-07
   7.6700000e+02   2.5235400e-07
   7.6800000e+02   2.2651300e-07
   7.6900000e+02   3.1406100e-07
   7.7000000e+02   3.7161700e-07
   7.7100000e+02   4.5719500e-07
   7.7200000e+02   3.1339200e-07
   7.7300000e+02   3.7840200e-07
   7.7400000e+02   3.4844300e-07
   7.7500000e+02   3.3524900e-07
   7.7600000e+02   4.7386000e-07
   7.7700000e+02   3.5005600e-07
   7.7800000e+02   4.7575000e-07
   7.7900000e+02   2.2157900e-07
   7.8000000e+02   1.9683700e-07
   7.8100000e+02   5.3465000e-07
   7.8200000e+02   3.7239800e-07
   7.8300000e+02   4.6750700e-07
   7.8400000e+02   4.0126700e-07
   7.8500000e+02   3.8071900e-07
   7.8600000e+02   4.7786900e-07
   7.8700000e+02   2.0403700e-07
   7.8800000e+02   3.6758700e-07
   7.8900000e+02   2.8583400e-07
   7.9000000e+02   2.4642900e-07
   7.9100000e+02   5.6536700e-07
   7.9200000e+02   2.5048300e-07
   7.9300000e+02   3.8674100e-07
   7.9400000e+02   3.7373100e-07
   7.9500000e+02   3.3361600e-07
   7.9600000e+02   5.4262200e-07
   7.9700000e+02   3.8116700e-07
   7.9800000e+02   5.1948900e-07
   7.9900000e+02   3.2470200e-07
   8.0000000e+02   2.0500000e-05
   8.0100000e+02   1.5800000e-05
   8.0200000e+02   1.5900000e-05
   8.0300000e+02   1.6600000e-05
   8.0400000e+02   1.7500000e-05
   8.0500000e+02   1.6000000e-05
   8.0600000e+02   1.9200000e-05
   8.0700000e+02   1.5100000e-05
   8.0800000e+02   1.5000000e-05
   8.0900000e+02   1.3900000e-05
   8.1000000e+02   8.8215800e-06
   8.1100000e+02   1.3400000e-05
   8.1200000e+02   1.1100000e-05
   8.1300000e+02   1.0800000e-05
   8.1400000e+02   9.7325600e-06
   8.1500000e+02   1.1200000e-05
   8.1600000e+02   1.0400000e-05
   8.1700000e+02   9.7332700e-06
   8.1800000e+02   7.7277100e-06
   8.1900000e+02   1.1300000e-05
   8.2000000e+02   9.2334700e-06
   8.2100000e+02   9.5454100e-06
   8.2200000e+02   9.5291800e-06
   8.2300000e+02   1.0100000e-05
   8.2400000e+02   8.7453900e-06
   8.2500000e+02   8.9679400e-06
   8.2600000e+02   1.0900000e-05
   8.2700000e+02   7.6528900e-06
   8.2800000e+02   1.0500000e-05
   8.2900000e+02   8.7747900e-06
   8.3000000e+02   9.9887700e-06
   8.3100000e+02   4.8497600e-06
   8.3200000e+02   8.6544100e-06
   8.3300000e+02   8.7487600e-06
   8.3400000e+02   7.7655900e-06
   8.3500000e+02   7.3227200e-06
   8.3600000e+02   7.4494000e-06
   8.3700000e+02   7.7164000e-06
   8.3800000e+02   6.2310700e-06
   8.3900000e+02   7.6906400e-06
   8.4000000e+02   7.2221800e-06
   8.4100000e+02   6.2262400e-06
   8.4200000e+02   6.1089200e-06
   8.4300000e+02   6.1201500e-06
   8.4400000e+02   6.1709600e-06
   8.4500000e+02   4.8697300e-06
   8.4600000e+02   6.7712800e-06
   8.4700000e+02   6.2657400e-06
   8.4800000e+02   5.9584000e-06
   8.4900000e+02   4.7346200e-06
   8.5000000e+02   4.7626000e-06
   8.5100000e+02   3.8952800e-06
   8.5200000e+02   4.2648200e-06
   8.5300000e+02   6.4856600e-06
   8.5400000e+02   2.7043800e-06
   8.5500000e+02   2.7604800e-06
   8.5600000e+02   1.5695100e-06
   8.5700000e+02   3.3932600e-06
   8.5800000e+02   3.0021400e-06
   8.5900000e+02   2.0932500e-06
   8.6000000e+02   1.7621300e-06
   8.6100000e+02   1.7992300e-06
   8.6200000e+02   1.5805600e-06
   8.6300000e+02   4.1518600e-07
   8.6400000e+02   2.0611000e-06
   8.6500000e+02   1.5351600e-06
   8.6600000e+02   7.2664200e-07
   8.6700000e+02   1.3070500e-06
   8.6800000e+02   4.7558400e-07
   8.6900000e+02   1.3935000e-06
   8.7000000e+02   6.8186300e-07
   8.7100000e+02   7.5875100e-07
   8.7200000e+02   1.1035500e-06
   8.7300000e+02   3.2538400e-07
   8.7400000e+02   6.8520800e-07
   8.7500000e+02   4.0149300e-07
   8.7600000e+02   1.3007600e-06
   8.7700000e+02   3.0357600e-08
   8.7800000e+02   1.1459100e-06
   8.7900000e+02   5.2328800e-07
   8.8000000e+02   7.8653400e-07
   8.8100000e+02   9.4390200e-07
   8.8200000e+02   8.6833900e-08
   8.8300000e+02   5.5328300e-07
   8.8400000e+02   5.9989400e-07
   8.8500000e+02   2.0765700e-06
   8.8600000e+02   7.8499700e-07
   8.8700000e+02   8.1618000e-07
   8.8800000e+02   1.8338200e-06
   8.8900000e+02   6.2800800e-07
   8.9000000e+02   1.2123200e-06
   8.9100000e+02   1.5426100e-06
   8.9200000e+02   1.1921100e-06
   8.9300000e+02   1.3496900e-06
   8.9400000e+02   1.3093800e-06
   8.9500000e+02   1.2204900e-06
   8.9600000e+02   1.6848000e-06
   8.9700000e+02   1.2179800e-06
   8.9800000e+02   1.6410200e-06
   8.9900000e+02   1.0993700e-06
   9.0000000e+02   1.5873500e-06
   9.0100000e+02   2.0213900e-06
   9.0200000e+02   1.7048900e-06
   9.0300000e+02   1.3668800e-06
   9.0400000e+02   1.3419800e-06
   9.0500000e+02   8.0204400e-07
   9.0600000e+02   1.0523000e-06
   9.0700000e+02   2.1118900e-06
   9.0800000e+02   5.0942100e-07
   9.0900000e+02   1.1341200e-06
   9.1000000e+02   5.3586000e-07
   9.1100000e+02   1.6437700e-06
   9.1200000e+02   2.4102400e-06
   9.1300000e+02   1.0582700e-06
   9.1400000e+02   2.1524400e-06
   9.1500000e+02   2.6090600e-10
   9.1600000e+02   1.6479800e-06
   9.1700000e+02   1.6220100e-06
   9.1800000e+02   1.6327500e-06
   9.1900000e+02   1.5326100e-06
   9.2000000e+02   1.1429000e-06
   9.2100000e+02   1.3088600e-06
   9.2200000e+02   1.7876900e-06
   9.2300000e+02   1.1210700e-06
   9.2400000e+02   3.0893300e-07
   9.2500000e+02   2.3270900e-06
   9.2600000e+02   2.0680000e-06
   9.2700000e+02   1.8340500e-06
   9.2800000e+02   1.9106300e-06
   9.2900000e+02   1.3318500e-06
   9.3000000e+02   1.3142800e-06
   9.3100000e+02   2.1373000e-06
   9.3200000e+02   1.3770000e-06
   9.3300000e+02   1.2705700e-06
   9.3400000e+02   1.9855100e-06
   9.3500000e+02   1.7411300e-06
   9.3600000e+02   1.9727100e-06
   9.3700000e+02   1.4265000e-06
   9.3800000e+02   2.1766300e-06
   9.3900000e+02   1.4714000e-06
   9.4000000e+02   1.4504100e-06
   9.4100000e+02   1.1477800e-06
   9.4200000e+02   1.6917200e-06
   9.4300000e+02   1.1916300e-06
   9.4400000e+02   1.3807900e-06
   9.4500000e+02   9.9817000e-07
   9.4600000e+02   9.5186200e-07
   9.4700000e+02   1.3950400e-06
   9.4800000e+02   1.1309000e-06
   9.4900000e+02   5.9532100e-07
   9.5000000e+02   1.6352300e-06
   9.5100000e+02   1.6692200e-06
   9.5200000e+02   2.5397200e-06
   9.5300000e+02   9.2441000e-07
   9.5400000e+02   1.2601100e-06
   9.5500000e+02   1.2631900e-06
   9.5600000e+02   9.1487800e-07
   9.5700000e+02   2.5971100e-06
   9.5800000e+02   1.4172900e-06
   9.5900000e+02   1.6621600e-06
   9.6000000e+02   1.7041200e-06
   9.6100000e+02   2.0768800e-06
   9.6200000e+02   7.4843900e-07
   9.6300000e+02   1.3617200e-06
   9.6400000e+02   1.7166600e-06
   9.6500000e+02   1.1014300e-06
   9.6600000e+02   1.8446900e-06
   9.6700000e+02   1.2367500e-06
   9.6800000e+02   9.7208400e-07
   9.6900000e+02   2.4202300e-06
   9.7000000e+02   1.5337000e-06
   9.7100000e+02   1.9185600e-06
   9.7200000e+02   1.6977800e-06
   9.7300000e+02   1.3583300e-06
   9.7400000e+02   1.3463800e-06
   9.7500000e+02   5.9075600e-07
   9.7600000e+02   1.6449900e-06
   9.7700000e+02   2.2263700e-06
   9.7800000e+02   5.7843600e-07
   9.7900000e+02   1.2458800e-06
   9.8000000e+02   1.5221700e-06
   9.8100000e+02   1.3493300e-06
   9.8200000e+02   2.1995000e-06
   9.8300000e+02   9.6137800e-07
   9.8400000e+02   8.5458800e-07
   9.8500000e+02   1.5701200e-06
   9.8600000e+02   9.4522700e-07
   9.8700000e+02   1.2261500e-06
   9.8800000e+02   9.8149100e-07
   9.8900000e+02   1.7841800e-06
   9.9000000e+02   1.1211200e-06
   9.9100000e+02   1.3941000e-06
   9.9200000e+02   3.2019800e-07
   9.9300000e+02   8.0236000e-07
   9.9400000e+02   9.5897200e-07
   9.9500000e+02   1.4454100e-06
   9.9600000e+02   6.7761400e-07
   9.9700000e+02   9.1270100e-07
   9.9800000e+02   1.4052800e-06
   9.9900000e+02   9.8922300e-07
   1.0000000e+03   5.1980200e-07
   1.0010000e+03   7.3067200e-07
   1.0020000e+03   8.7991000e-07
   1.0030000e+03   2.7824800e-07
   1.0040000e+03   1.0983000e-06
   1.0050000e+03   1.6614700e-06
   1.0060000e+03   1.3111400e-06
   1.0070000e+03   2.1546400e-06
   1.0080000e+03   1.1880900e-06
   1.0090000e+03   9.5568500e-07
   1.0100000e+03   6.6873000e-08
   1.0110000e+03   1.6431200e-06
   1.0120000e+03   1.7925500e-06
   1.0130000e+03   1.8413800e-06
   1.0140000e+03   8.1307400e-07
   1.0150000e+03   1.0007100e-06
   1.0160000e+03   6.6265000e-07
   1.0170000e+03   1.3739100e-06
   1.0180000e+03   5.3255800e-07
   1.0190000e+03   1.0649900e-06
   1.0200000e+03   1.0422300e-06
   1.0210000e+03   1.1293900e-06
   1.0220000e+03   1.3640100e-06
   1.0230000e+03   4.7435100e-07
   1.0240000e+03   1.1730300e-06
   1.0250000e+03   8.1268700e-07
   1.0260000e+03   9.3432800e-07
   1.0270000e+03   1.2639700e-06
   1.0280000e+03   7.5433700e-07
   1.0290000e+03   1.2101400e-06
   1.0300000e+03   1.3101400e-06
   1.0310000e+03   1.1676500e-06
   1.0320000e+03   1.4463600e-06
   1.0330000e+03   1.5913100e-06
   1.0340000e+03   1.5377100e-06
   1.0350000e+03   1.9775600e-06
   1.0360000e+03   1.6422500e-06
   1.0370000e+03   1.3527600e-06
   1.0380000e+03   1.8277200e-06
   1.0390000e+03   1.1459800e-06
   1.0400000e+03   8.8767500e-07
   1.0410000e+03   5.8568900e-08
   1.0420000e+03   1.1734300e-06
   1.0430000e+03   7.4498500e-07
   1.0440000e+03   1.3432700e-06
   1.0450000e+03   6.4085400e-07
   1.0460000e+03   1.3193200e-06
   1.0470000e+03   1.8352900e-06
   1.0480000e+03   9.3897500e-07
   1.0490000e+03   1.8833200e-06
   1.0500000e+03   5.1964400e-07
   1.0510000e+03   1.8637900e-06
   1.0520000e+03   1.5303000e-06
   1.0530000e+03   1.3475800e-06
   1.0540000e+03   7.7550500e-07
   1.0550000e+03   1.2554500e-06
   1.0560000e+03   1.4720100e-06
   1.0570000e+03   1.0027400e-06
   1.0580000e+03   1.1333400e-06
   1.0590000e+03   1.6911900e-06
   1.0600000e+03   2.1027000e-06
   1.0610000e+03   1.0874600e-06
   1.0620000e+03   1.0465800e-06
   1.0630000e+03   7.8350300e-07
   1.0640000e+03   1.3790200e-06
   1.0650000e+03   3.7067900e-07
   1.0660000e+03   1.2983800e-06
   1.0670000e+03   2.3225000e-06
   1.0680000e+03   1.2385400e-06
   1.0690000e+03   1.5018100e-06
   1.0700000e+03   9.0248400e-07
   1.0710000e+03   2.5706900e-08
   1.0720000e+03   1.5643900e-06
   1.0730000e+03   1.4210800e-06
   1.0740000e+03   3.0498200e-07
   1.0750000e+03   1.5236200e-06
   1.0760000e+03   7.6393100e-07
   1.0770000e+03   1.0469500e-06
   1.0780000e+03   1.5771200e-06
   1.0790000e+03   9.8574500e-07
   1.0800000e+03   8.7440300e-07
   1.0810000e+03   1.3943100e-06
   1.0820000e+03   1.4565000e-06
   1.0830000e+03   1.0050000e-06
   1.0840000e+03   1.3360900e-06
   1.0850000e+03   7.3330300e-07
   1.0860000e+03   1.7365900e-06
   1.0870000e+03   1.5012800e-06
   1.0880000e+03   1.0882300e-06
   1.0890000e+03   1.2024700e-06
   1.0900000e+03   1.1169800e-06
   1.0910000e+03   1.4514600e-06
   1.0920000e+03   1.0399400e-06
   1.0930000e+03   1.4689400e-06
   1.0940000e+03   8.6014600e-07
   1.0950000e+03   1.3597100e-06
   1.0960000e+03   1.8931100e-06
   1.0970000e+03   8.1484500e-07
   1.0980000e+03   1.7334600e-06
   1.0990000e+03   1.1374700e-06
   1.1000000e+03   1.5039500e-06
