   3.0000000e+02   3.4521100e-07
   3.0100000e+02   2.6127200e-07
   3.0200000e+02   1.3059500e-07
   3.0300000e+02   3.9992400e-07
   3.0400000e+02   4.5195200e-08
   3.0500000e+02   8.3724500e-08
   3.0600000e+02   3.4904300e-07
   3.0700000e+02   2.0275000e-07
   3.0800000e+02   9.9551100e-09
   3.0900000e+02   1.9355600e-07
   3.1000000e+02   1.0226300e-07
   3.1100000e+02   2.4140900e-07
   3.1200000e+02   8.2117000e-09
   3.1300000e+02   1.6947400e-07
   3.1400000e+02   1.8031900e-07
   3.1500000e+02   3.2576900e-08
   3.1600000e+02   1.5312800e-07
   3.1700000e+02   3.9381600e-07
   3.1800000e+02   3.6190400e-08
   3.1900000e+02   1.1950600e-07
   3.2000000e+02   1.0780000e-07
   3.2100000e+02   1.1666100e-07
   3.2200000e+02   2.1188400e-07
   3.2300000e+02   1.6778200e-07
   3.2400000e+02   5.8723500e-08
   3.2500000e+02   1.3304400e-07
   3.2600000e+02   1.7615400e-07
   3.2700000e+02   1.9757400e-07
   3.2800000e+02   1.0123200e-07
   3.2900000e+02   6.6985700e-08
   3.3000000e+02   2.4178100e-07
   3.3100000e+02   2.6232400e-08
   3.3200000e+02   1.9354100e-07
   3.3300000e+02   3.0334600e-07
   3.3400000e+02   8.9425600e-08
   3.3500000e+02   1.0879700e-07
   3.3600000e+02   7.0198400e-08
   3.3700000e+02   2.0344100e-07
   3.3800000e+02   1.9453300e-07
   3.3900000e+02   1.0674200e-08
   3.4000000e+02   1.0038200e-07
   3.4100000e+02   3.0496100e-07
   3.4200000e+02   2.4012200e-08
   3.4300000e+02   1.2822400e-07
   3.4400000e+02   4.9341000e-08
   3.4500000e+02   6.3178500e-08
   3.4600000e+02   1.3320500e-07
   3.4700000e+02   6.8775700e-08
   3.4800000e+02   1.5947700e-07
   3.4900000e+02   1.6688500e-06
   3.5000000e+02   4.1647800e-08
   3.5100000e+02   1.2950200e-07
   3.5200000e+02   1.2999000e-07
   3.5300000e+02   6.9917300e-08
   3.5400000e+02   1.0049700e-07
   3.5500000e+02   1.4064200e-08
   3.5600000e+02   7.4381600e-08
   3.5700000e+02   8.5356800e-08
   3.5800000e+02   2.3399500e-08
   3.5900000e+02   7.9505000e-08
   3.6000000e+02   5.9586800e-08
   3.6100000e+02   4.2944300e-08
   3.6200000e+02   7.8820100e-08
   3.6300000e+02   1.1616100e-08
   3.6400000e+02   8.5697500e-08
   3.6500000e+02   1.3156500e-07
   3.6600000e+02   2.2287400e-09
   3.6700000e+02   7.8702600e-08
   3.6800000e+02   3.3914100e-08
   3.6900000e+02   6.2557700e-08
   3.7000000e+02   4.9449900e-08
   3.7100000e+02   6.0303600e-08
   3.7200000e+02   1.0110000e-07
   3.7300000e+02   2.3583300e-08
   3.7400000e+02   5.6052800e-08
   3.7500000e+02   1.0518400e-07
   3.7600000e+02   9.3621500e-08
   3.7700000e+02   4.6865400e-08
   3.7800000e+02   1.2086200e-07
   3.7900000e+02   9.1723300e-08
   3.8000000e+02   9.0514700e-09
   3.8100000e+02   5.9260800e-08
   3.8200000e+02   1.0455700e-07
   3.8300000e+02   5.8076600e-08
   3.8400000e+02   6.9158100e-08
   3.8500000e+02   1.6323700e-07
   3.8600000e+02   1.7684300e-08
   3.8700000e+02   1.4139900e-07
   3.8800000e+02   9.8205400e-08
   3.8900000e+02   4.5031200e-08
   3.9000000e+02   7.8751900e-08
   3.9100000e+02   1.1158800e-07
   3.9200000e+02   1.3898300e-07
   3.9300000e+02   6.6343000e-08
   3.9400000e+02   9.3460700e-08
   3.9500000e+02   5.5539000e-08
   3.9600000e+02   5.9828000e-08
   3.9700000e+02   6.4049300e-08
   3.9800000e+02   5.7479100e-08
   3.9900000e+02   8.7643400e-08
   4.0000000e+02   1.2680600e-07
   4.0100000e+02   1.7665000e-07
   4.0200000e+02   7.4287800e-08
   4.0300000e+02   2.1894700e-07
   4.0400000e+02   2.0278100e-07
   4.0500000e+02   2.4154600e-07
   4.0600000e+02   3.8278000e-07
   4.0700000e+02   1.6404500e-07
   4.0800000e+02   4.2941300e-07
   4.0900000e+02   4.7688800e-07
   4.1000000e+02   3.8321600e-07
   4.1100000e+02   2.4163200e-07
   4.1200000e+02   3.2209000e-07
   4.1300000e+02   2.2491200e-07
   4.1400000e+02   2.5648800e-07
   4.1500000e+02   8.1496100e-08
   4.1600000e+02   3.4198400e-07
   4.1700000e+02   2.1243100e-07
   4.1800000e+02   1.2494200e-07
   4.1900000e+02   2.2006000e-07
   4.2000000e+02   2.2599900e-07
   4.2100000e+02   1.6893500e-07
   4.2200000e+02   5.8214300e-08
   4.2300000e+02   2.3521000e-07
   4.2400000e+02   1.8908900e-07
   4.2500000e+02   1.7188300e-07
   4.2600000e+02   2.3636100e-07
   4.2700000e+02   2.8434600e-07
   4.2800000e+02   2.2026800e-07
   4.2900000e+02   3.5783200e-08
   4.3000000e+02   1.9370600e-07
   4.3100000e+02   3.0633600e-07
   4.3200000e+02   3.0110900e-07
   4.3300000e+02   3.8169700e-07
   4.3400000e+02   3.2641300e-07
   4.3500000e+02   3.0160700e-07
   4.3600000e+02   2.2319400e-07
   4.3700000e+02   2.0855800e-07
   4.3800000e+02   5.5305800e-08
   4.3900000e+02   1.6927400e-07
   4.4000000e+02   1.3880200e-07
   4.4100000e+02   1.4155400e-07
   4.4200000e+02   1.4530800e-07
   4.4300000e+02   2.0895200e-07
   4.4400000e+02   1.9222600e-07
   4.4500000e+02   1.1224900e-07
   4.4600000e+02   2.6698700e-07
   4.4700000e+02   2.9635400e-07
   4.4800000e+02   2.2336900e-07
   4.4900000e+02   3.4612100e-07
   4.5000000e+02   2.9304700e-07
   4.5100000e+02   3.2160100e-07
   4.5200000e+02   3.3979600e-07
   4.5300000e+02   2.7959600e-07
   4.5400000e+02   3.1458600e-07
   4.5500000e+02   2.4813000e-07
   4.5600000e+02   2.3477600e-07
   4.5700000e+02   1.9274600e-07
   4.5800000e+02   1.4121100e-07
   4.5900000e+02   1.8248800e-07
   4.6000000e+02   1.1751300e-07
   4.6100000e+02   1.2427700e-07
   4.6200000e+02   8.6736000e-08
   4.6300000e+02   7.7573800e-08
   4.6400000e+02   1.8056600e-07
   4.6500000e+02   1.9294800e-07
   4.6600000e+02   8.5342500e-08
   4.6700000e+02   1.9626700e-07
   4.6800000e+02   1.5125700e-07
   4.6900000e+02   1.6707300e-07
   4.7000000e+02   1.4886500e-07
   4.7100000e+02   1.2127100e-07
   4.7200000e+02   1.4765000e-07
   4.7300000e+02   1.2945200e-07
   4.7400000e+02   1.5100400e-07
   4.7500000e+02   1.9684800e-07
   4.7600000e+02   2.4003900e-07
   4.7700000e+02   2.4113800e-07
   4.7800000e+02   4.5602700e-07
   4.7900000e+02   5.7544500e-07
   4.8000000e+02   1.0617000e-06
   4.8100000e+02   1.7000600e-06
   4.8200000e+02   2.2673700e-06
   4.8300000e+02   2.1846000e-06
   4.8400000e+02   1.4302900e-06
   4.8500000e+02   9.0012500e-07
   4.8600000e+02   6.3833600e-07
   4.8700000e+02   6.1447600e-07
   4.8800000e+02   6.4591900e-07
   4.8900000e+02   7.3020000e-07
   4.9000000e+02   1.0298400e-06
   4.9100000e+02   1.2967600e-06
   4.9200000e+02   1.1675100e-06
   4.9300000e+02   8.2172300e-07
   4.9400000e+02   5.7825000e-07
   4.9500000e+02   4.6099300e-07
   4.9600000e+02   3.8562500e-07
   4.9700000e+02   2.0596900e-07
   4.9800000e+02   3.0011900e-07
   4.9900000e+02   2.1940000e-07
   5.0000000e+02   2.0249400e-07
   5.0100000e+02   2.9114000e-07
   5.0200000e+02   2.1121500e-07
   5.0300000e+02   2.0125900e-07
   5.0400000e+02   2.8221900e-07
   5.0500000e+02   2.2771300e-07
   5.0600000e+02   2.5861500e-07
   5.0700000e+02   2.5088200e-07
   5.0800000e+02   2.4902000e-07
   5.0900000e+02   2.2414600e-07
   5.1000000e+02   2.3527400e-07
   5.1100000e+02   2.9542600e-07
   5.1200000e+02   1.6876300e-07
   5.1300000e+02   9.2974600e-08
   5.1400000e+02   1.5465700e-07
   5.1500000e+02   1.5276000e-07
   5.1600000e+02   5.1371800e-08
   5.1700000e+02   1.1627300e-07
   5.1800000e+02   6.4888400e-08
   5.1900000e+02   1.0836600e-07
   5.2000000e+02   3.8558900e-08
   5.2100000e+02   7.6299000e-08
   5.2200000e+02   5.5444600e-08
   5.2300000e+02   3.7849300e-08
   5.2400000e+02   1.0288300e-07
   5.2500000e+02   3.7096700e-08
   5.2600000e+02   2.3823800e-08
   5.2700000e+02   2.1301900e-07
   5.2800000e+02   4.6676100e-08
   5.2900000e+02   6.5093100e-08
   5.3000000e+02   1.7149500e-07
   5.3100000e+02   1.9473300e-07
   5.3200000e+02   2.9415500e-07
   5.3300000e+02   1.6319700e-07
   5.3400000e+02   2.2036200e-07
   5.3500000e+02   3.1257600e-07
   5.3600000e+02   8.2244900e-08
   5.3700000e+02   1.7128700e-07
   5.3800000e+02   2.4022900e-07
   5.3900000e+02   1.5083100e-07
   5.4000000e+02   1.1558600e-07
   5.4100000e+02   1.3746400e-07
   5.4200000e+02   9.5981500e-08
   5.4300000e+02   1.1306300e-07
   5.4400000e+02   6.7103100e-08
   5.4500000e+02   1.0582600e-07
   5.4600000e+02   1.1681600e-08
   5.4700000e+02   4.2145400e-08
   5.4800000e+02   5.1216600e-08
   5.4900000e+02   8.5159100e-10
   5.5000000e+02   5.8401000e-08
   5.5100000e+02   6.5284700e-08
   5.5200000e+02   4.4257800e-08
   5.5300000e+02   3.3404700e-08
   5.5400000e+02   8.7186800e-08
   5.5500000e+02   9.0980300e-08
   5.5600000e+02   7.8302800e-08
   5.5700000e+02   3.9082900e-08
   5.5800000e+02   1.0763900e-07
   5.5900000e+02   4.2938500e-08
   5.6000000e+02   8.9364700e-08
   5.6100000e+02   1.3487300e-07
   5.6200000e+02   6.9695100e-08
   5.6300000e+02   5.2482800e-08
   5.6400000e+02   8.9833600e-08
   5.6500000e+02   1.1444000e-08
   5.6600000e+02   5.4838300e-08
   5.6700000e+02   7.8343300e-08
   5.6800000e+02   1.4282500e-07
   5.6900000e+02   4.9875500e-08
   5.7000000e+02   3.1310600e-08
   5.7100000e+02   1.0588100e-07
   5.7200000e+02   5.3693500e-08
   5.7300000e+02   3.3778300e-08
   5.7400000e+02   1.0481800e-07
   5.7500000e+02   1.0452500e-07
   5.7600000e+02   7.4062200e-08
   5.7700000e+02   2.1382200e-08
   5.7800000e+02   1.1562500e-07
   5.7900000e+02   1.7406600e-07
   5.8000000e+02   1.0287800e-07
   5.8100000e+02   2.1310500e-08
   5.8200000e+02   5.3235600e-08
   5.8300000e+02   1.0624600e-07
   5.8400000e+02   1.3683300e-07
   5.8500000e+02   1.0541000e-08
   5.8600000e+02   2.8730400e-07
   5.8700000e+02   4.3854100e-07
   5.8800000e+02   7.8129200e-07
   5.8900000e+02   1.3737600e-06
   5.9000000e+02   2.3354800e-06
   5.9100000e+02   3.2080300e-06
   5.9200000e+02   3.7722300e-06
   5.9300000e+02   4.3099700e-06
   5.9400000e+02   4.3549500e-06
   5.9500000e+02   4.7394300e-06
   5.9600000e+02   4.9230400e-06
   5.9700000e+02   5.5507300e-06
   5.9800000e+02   6.2231000e-06
   5.9900000e+02   7.0335200e-06
   6.0000000e+02   8.4706600e-06
   6.0100000e+02   9.5860500e-06
   6.0200000e+02   1.1200000e-05
   6.0300000e+02   1.3200000e-05
   6.0400000e+02   1.5400000e-05
   6.0500000e+02   1.7700000e-05
   6.0600000e+02   2.0400000e-05
   6.0700000e+02   2.3900000e-05
   6.0800000e+02   2.7900000e-05
   6.0900000e+02   3.2800000e-05
   6.1000000e+02   3.8600000e-05
   6.1100000e+02   4.6200000e-05
   6.1200000e+02   5.5700000e-05
   6.1300000e+02   6.7400000e-05
   6.1400000e+02   8.2800000e-05
   6.1500000e+02   1.0210000e-04
   6.1600000e+02   1.2760000e-04
   6.1700000e+02   1.6080000e-04
   6.1800000e+02   2.0410000e-04
   6.1900000e+02   2.6190000e-04
   6.2000000e+02   3.3920000e-04
   6.2100000e+02   4.4440000e-04
   6.2200000e+02   5.8970000e-04
   6.2300000e+02   7.9240000e-04
   6.2400000e+02   1.0789000e-03
   6.2500000e+02   1.4906000e-03
   6.2600000e+02   2.0959000e-03
   6.2700000e+02   3.0099000e-03
   6.2800000e+02   4.4173000e-03
   6.2900000e+02   6.5932000e-03
   6.3000000e+02   1.0163300e-02
   6.3100000e+02   1.6087300e-02
   6.3200000e+02   2.6349600e-02
   6.3300000e+02   4.4783500e-02
   6.3400000e+02   7.8314800e-02
   6.3500000e+02   1.4091270e-01
   6.3600000e+02   2.4893950e-01
   6.3700000e+02   4.0520220e-01
   6.3800000e+02   5.7555520e-01
   6.3900000e+02   6.9731990e-01
   6.4000000e+02   7.3512720e-01
   6.4100000e+02   7.1211750e-01
   6.4200000e+02   6.7479020e-01
   6.4300000e+02   6.4631200e-01
   6.4400000e+02   6.3258680e-01
   6.4500000e+02   6.3146450e-01
   6.4600000e+02   6.3979580e-01
   6.4700000e+02   6.5323610e-01
   6.4800000e+02   6.6883750e-01
   6.4900000e+02   6.8334560e-01
   6.5000000e+02   6.9452750e-01
   6.5100000e+02   7.0108100e-01
   6.5200000e+02   7.0221450e-01
   6.5300000e+02   6.9859680e-01
   6.5400000e+02   6.9036820e-01
   6.5500000e+02   6.7903310e-01
   6.5600000e+02   6.6642110e-01
   6.5700000e+02   6.5320000e-01
   6.5800000e+02   6.4131770e-01
   6.5900000e+02   6.3129160e-01
   6.6000000e+02   6.2443080e-01
   6.6100000e+02   6.2152080e-01
   6.6200000e+02   6.2264570e-01
   6.6300000e+02   6.2817970e-01
   6.6400000e+02   6.3851810e-01
   6.6500000e+02   6.5315670e-01
   6.6600000e+02   6.7182050e-01
   6.6700000e+02   6.9338750e-01
   6.6800000e+02   7.1625260e-01
   6.6900000e+02   7.3764080e-01
   6.7000000e+02   7.5260600e-01
   6.7100000e+02   7.5493930e-01
   6.7200000e+02   7.3581730e-01
   6.7300000e+02   6.8790270e-01
   6.7400000e+02   6.0801780e-01
   6.7500000e+02   5.0358650e-01
   6.7600000e+02   3.9000740e-01
   6.7700000e+02   2.8510150e-01
   6.7800000e+02   2.0037730e-01
   6.7900000e+02   1.3635610e-01
   6.8000000e+02   9.2104800e-02
   6.8100000e+02   6.2225900e-02
   6.8200000e+02   4.2289500e-02
   6.8300000e+02   2.9030200e-02
   6.8400000e+02   2.0121600e-02
   6.8500000e+02   1.4159100e-02
   6.8600000e+02   1.0154600e-02
   6.8700000e+02   7.3996000e-03
   6.8800000e+02   5.4651000e-03
   6.8900000e+02   4.0828000e-03
   6.9000000e+02   3.0883000e-03
   6.9100000e+02   2.3713000e-03
   6.9200000e+02   1.8271000e-03
   6.9300000e+02   1.4235000e-03
   6.9400000e+02   1.1209000e-03
   6.9500000e+02   8.8600000e-04
   6.9600000e+02   7.0700000e-04
   6.9700000e+02   5.6320000e-04
   6.9800000e+02   4.5530000e-04
   6.9900000e+02   3.6930000e-04
   7.0000000e+02   3.0320000e-04
   7.0100000e+02   2.5020000e-04
   7.0200000e+02   2.0780000e-04
   7.0300000e+02   1.7450000e-04
   7.0400000e+02   1.4710000e-04
   7.0500000e+02   1.2550000e-04
   7.0600000e+02   1.0710000e-04
   7.0700000e+02   9.2200000e-05
   7.0800000e+02   7.9600000e-05
   7.0900000e+02   6.9300000e-05
   7.1000000e+02   6.0100000e-05
   7.1100000e+02   5.2300000e-05
   7.1200000e+02   4.5600000e-05
   7.1300000e+02   3.9600000e-05
   7.1400000e+02   3.4900000e-05
   7.1500000e+02   3.0700000e-05
   7.1600000e+02   2.7600000e-05
   7.1700000e+02   2.5100000e-05
   7.1800000e+02   2.2900000e-05
   7.1900000e+02   2.1500000e-05
   7.2000000e+02   1.9900000e-05
   7.2100000e+02   1.8700000e-05
   7.2200000e+02   1.6400000e-05
   7.2300000e+02   1.3100000e-05
   7.2400000e+02   9.4764200e-06
   7.2500000e+02   6.0780200e-06
   7.2600000e+02   3.3245400e-06
   7.2700000e+02   1.8513100e-06
   7.2800000e+02   1.0179600e-06
   7.2900000e+02   7.7982000e-07
   7.3000000e+02   3.5474200e-07
   7.3100000e+02   2.7954200e-07
   7.3200000e+02   2.7432800e-07
   7.3300000e+02   1.3414300e-07
   7.3400000e+02   3.3794700e-07
   7.3500000e+02   6.7673500e-08
   7.3600000e+02   1.1500100e-07
   7.3700000e+02   1.9063200e-08
   7.3800000e+02   8.6739100e-08
   7.3900000e+02   2.8549200e-07
   7.4000000e+02   2.4429300e-08
   7.4100000e+02   9.7397700e-08
   7.4200000e+02   1.0611200e-07
   7.4300000e+02   1.4919400e-07
   7.4400000e+02   1.1791200e-08
   7.4500000e+02   1.6384500e-08
   7.4600000e+02   2.5500900e-09
   7.4700000e+02   7.1725000e-08
   7.4800000e+02   1.4691200e-07
   7.4900000e+02   3.2588900e-08
   7.5000000e+02   7.2154300e-08
   7.5100000e+02   1.4829700e-08
   7.5200000e+02   1.0442600e-07
   7.5300000e+02   1.0136400e-07
   7.5400000e+02   2.7478800e-08
   7.5500000e+02   1.2918000e-07
   7.5600000e+02   3.9485000e-09
   7.5700000e+02   2.3805300e-07
   7.5800000e+02   9.0880000e-09
   7.5900000e+02   3.7161100e-08
   7.6000000e+02   9.6950400e-08
   7.6100000e+02   5.2931100e-08
   7.6200000e+02   1.5290300e-07
   7.6300000e+02   2.1532100e-09
   7.6400000e+02   6.0981300e-08
   7.6500000e+02   6.8214800e-08
   7.6600000e+02   1.5523100e-07
   7.6700000e+02   3.9430000e-08
   7.6800000e+02   9.8105000e-08
   7.6900000e+02   4.4611000e-08
   7.7000000e+02   1.5497800e-07
   7.7100000e+02   2.0214100e-07
   7.7200000e+02   3.5173900e-08
   7.7300000e+02   1.0746500e-08
   7.7400000e+02   9.8033900e-09
   7.7500000e+02   4.4177100e-08
   7.7600000e+02   1.7512400e-07
   7.7700000e+02   5.9674000e-09
   7.7800000e+02   1.1260700e-07
   7.7900000e+02   9.7938700e-08
   7.8000000e+02   1.0509200e-07
   7.8100000e+02   1.9812200e-07
   7.8200000e+02   6.8697200e-08
   7.8300000e+02   4.2236700e-08
   7.8400000e+02   1.0073600e-07
   7.8500000e+02   1.0215000e-07
   7.8600000e+02   1.6678300e-07
   7.8700000e+02   1.7945300e-08
   7.8800000e+02   8.5859800e-08
   7.8900000e+02   5.9911700e-08
   7.9000000e+02   6.6557600e-08
   7.9100000e+02   1.9152900e-07
   7.9200000e+02   5.7272200e-08
   7.9300000e+02   1.9644400e-07
   7.9400000e+02   4.0464700e-08
   7.9500000e+02   3.5837100e-08
   7.9600000e+02   2.3299900e-07
   7.9700000e+02   1.7739900e-08
   7.9800000e+02   1.1147800e-07
   7.9900000e+02   6.6224700e-08
   8.0000000e+02   1.4100000e-05
   8.0100000e+02   1.7600000e-05
   8.0200000e+02   1.1300000e-05
   8.0300000e+02   1.8300000e-05
   8.0400000e+02   9.2091700e-06
   8.0500000e+02   1.4800000e-05
   8.0600000e+02   1.5300000e-05
   8.0700000e+02   1.4300000e-05
   8.0800000e+02   1.4000000e-05
   8.0900000e+02   7.1902100e-06
   8.1000000e+02   1.0900000e-05
   8.1100000e+02   1.1000000e-05
   8.1200000e+02   1.1400000e-05
   8.1300000e+02   1.0500000e-05
   8.1400000e+02   9.1073600e-06
   8.1500000e+02   9.5038900e-06
   8.1600000e+02   8.3883800e-06
   8.1700000e+02   1.0300000e-05
   8.1800000e+02   8.8725400e-06
   8.1900000e+02   6.5889500e-06
   8.2000000e+02   9.5769400e-06
   8.2100000e+02   7.7511800e-06
   8.2200000e+02   7.3467900e-06
   8.2300000e+02   1.0000000e-05
   8.2400000e+02   7.8189600e-06
   8.2500000e+02   1.0300000e-05
   8.2600000e+02   1.1200000e-05
   8.2700000e+02   8.0434200e-06
   8.2800000e+02   9.8017500e-06
   8.2900000e+02   8.8257200e-06
   8.3000000e+02   8.7184000e-06
   8.3100000e+02   7.0811900e-06
   8.3200000e+02   7.1690400e-06
   8.3300000e+02   5.0220300e-06
   8.3400000e+02   7.3280200e-06
   8.3500000e+02   5.6216500e-06
   8.3600000e+02   6.5245000e-06
   8.3700000e+02   4.8966300e-06
   8.3800000e+02   3.0034400e-06
   8.3900000e+02   3.7175200e-06
   8.4000000e+02   1.3521800e-07
   8.4100000e+02   4.8477900e-06
   8.4200000e+02   2.7805500e-07
   8.4300000e+02   1.2077400e-06
   8.4400000e+02   4.4505800e-06
   8.4500000e+02   4.0211500e-06
   8.4600000e+02   5.9084400e-06
   8.4700000e+02   7.6346800e-06
   8.4800000e+02   8.2605100e-06
   8.4900000e+02   8.3742800e-06
   8.5000000e+02   7.4722600e-06
   8.5100000e+02   9.4657900e-06
   8.5200000e+02   8.7308400e-06
   8.5300000e+02   8.9272100e-06
   8.5400000e+02   1.1300000e-05
   8.5500000e+02   1.0100000e-05
   8.5600000e+02   1.1100000e-05
   8.5700000e+02   1.2100000e-05
   8.5800000e+02   1.2500000e-05
   8.5900000e+02   1.1300000e-05
   8.6000000e+02   1.2700000e-05
   8.6100000e+02   1.2000000e-05
   8.6200000e+02   1.2100000e-05
   8.6300000e+02   1.0600000e-05
   8.6400000e+02   1.0800000e-05
   8.6500000e+02   9.0831800e-06
   8.6600000e+02   9.1993200e-06
   8.6700000e+02   8.6558000e-06
   8.6800000e+02   8.6029600e-06
   8.6900000e+02   8.9281900e-06
   8.7000000e+02   9.6906700e-06
   8.7100000e+02   8.8615900e-06
   8.7200000e+02   9.6813900e-06
   8.7300000e+02   1.1200000e-05
   8.7400000e+02   1.1500000e-05
   8.7500000e+02   1.2100000e-05
   8.7600000e+02   1.2900000e-05
   8.7700000e+02   1.3100000e-05
   8.7800000e+02   1.4500000e-05
   8.7900000e+02   1.4700000e-05
   8.8000000e+02   1.6000000e-05
   8.8100000e+02   1.6600000e-05
   8.8200000e+02   1.7100000e-05
   8.8300000e+02   1.8500000e-05
   8.8400000e+02   1.9600000e-05
   8.8500000e+02   1.9600000e-05
   8.8600000e+02   2.1400000e-05
   8.8700000e+02   2.0900000e-05
   8.8800000e+02   2.1400000e-05
   8.8900000e+02   2.2300000e-05
   8.9000000e+02   2.2300000e-05
   8.9100000e+02   2.1700000e-05
   8.9200000e+02   2.0300000e-05
   8.9300000e+02   1.9300000e-05
   8.9400000e+02   1.9600000e-05
   8.9500000e+02   1.6200000e-05
   8.9600000e+02   1.5800000e-05
   8.9700000e+02   1.4200000e-05
   8.9800000e+02   1.2800000e-05
   8.9900000e+02   1.0700000e-05
   9.0000000e+02   9.1418400e-06
   9.0100000e+02   7.6238700e-06
   9.0200000e+02   6.4235500e-06
   9.0300000e+02   4.9540100e-06
   9.0400000e+02   2.3732600e-06
   9.0500000e+02   1.8452200e-06
   9.0600000e+02   1.5697800e-06
   9.0700000e+02   1.0574000e-06
   9.0800000e+02   3.9629300e-07
   9.0900000e+02   3.2911600e-07
   9.1000000e+02   2.0558400e-07
   9.1100000e+02   1.0374900e-06
   9.1200000e+02   1.2211100e-07
   9.1300000e+02   3.5770200e-07
   9.1400000e+02   1.0195900e-06
   9.1500000e+02   4.6409900e-07
   9.1600000e+02   3.6580100e-07
   9.1700000e+02   8.5507800e-07
   9.1800000e+02   3.1087700e-07
   9.1900000e+02   2.1418400e-07
   9.2000000e+02   3.7743500e-07
   9.2100000e+02   1.0051800e-06
   9.2200000e+02   6.2645200e-07
   9.2300000e+02   5.7082300e-07
   9.2400000e+02   9.9842300e-07
   9.2500000e+02   2.2089000e-07
   9.2600000e+02   3.8412600e-07
   9.2700000e+02   9.7254600e-08
   9.2800000e+02   1.0597700e-06
   9.2900000e+02   2.7162900e-07
   9.3000000e+02   1.9109900e-07
   9.3100000e+02   3.1171100e-07
   9.3200000e+02   2.2682900e-07
   9.3300000e+02   1.5613000e-06
   9.3400000e+02   3.1638900e-07
   9.3500000e+02   5.3626300e-07
   9.3600000e+02   9.3061700e-07
   9.3700000e+02   4.3660300e-07
   9.3800000e+02   3.2392300e-07
   9.3900000e+02   5.9227600e-07
   9.4000000e+02   1.8369400e-07
   9.4100000e+02   6.7828900e-07
   9.4200000e+02   6.3964700e-07
   9.4300000e+02   3.6005700e-08
   9.4400000e+02   6.3084100e-07
   9.4500000e+02   8.8227300e-07
   9.4600000e+02   2.2581400e-07
   9.4700000e+02   4.8131400e-07
   9.4800000e+02   8.9357200e-07
   9.4900000e+02   6.2848600e-07
   9.5000000e+02   8.4350100e-07
   9.5100000e+02   7.6602000e-08
   9.5200000e+02   5.0908400e-07
   9.5300000e+02   7.6099100e-07
   9.5400000e+02   5.1645800e-07
   9.5500000e+02   2.2900400e-07
   9.5600000e+02   2.1108600e-07
   9.5700000e+02   2.0994100e-07
   9.5800000e+02   7.9575400e-07
   9.5900000e+02   7.6719900e-07
   9.6000000e+02   1.3570600e-06
   9.6100000e+02   2.6143600e-07
   9.6200000e+02   5.0660500e-07
   9.6300000e+02   3.3134800e-07
   9.6400000e+02   2.1737000e-07
   9.6500000e+02   5.6631200e-07
   9.6600000e+02   3.7857600e-08
   9.6700000e+02   2.9319100e-07
   9.6800000e+02   4.7889900e-07
   9.6900000e+02   4.2829100e-07
   9.7000000e+02   1.8402400e-08
   9.7100000e+02   1.6150800e-07
   9.7200000e+02   2.8130200e-08
   9.7300000e+02   6.4926000e-07
   9.7400000e+02   1.1485700e-07
   9.7500000e+02   2.6886400e-07
   9.7600000e+02   6.0087000e-07
   9.7700000e+02   4.8456200e-07
   9.7800000e+02   7.3253200e-07
   9.7900000e+02   2.5726900e-07
   9.8000000e+02   2.7405300e-07
   9.8100000e+02   8.4876000e-09
   9.8200000e+02   1.1842500e-06
   9.8300000e+02   5.5815900e-07
   9.8400000e+02   1.0766700e-06
   9.8500000e+02   1.4086100e-06
   9.8600000e+02   1.7700100e-06
   9.8700000e+02   4.1939200e-07
   9.8800000e+02   4.9638600e-08
   9.8900000e+02   1.1500100e-07
   9.9000000e+02   1.1676500e-08
   9.9100000e+02   8.9550700e-07
   9.9200000e+02   5.0922700e-08
   9.9300000e+02   6.2848400e-07
   9.9400000e+02   1.9524300e-07
   9.9500000e+02   1.1499300e-07
   9.9600000e+02   8.7777000e-07
   9.9700000e+02   4.8777600e-08
   9.9800000e+02   3.5626200e-07
   9.9900000e+02   9.2578100e-07
   1.0000000e+03   3.7029800e-07
   1.0010000e+03   1.6019000e-07
   1.0020000e+03   7.3197800e-07
   1.0030000e+03   1.4275700e-06
   1.0040000e+03   1.2627600e-06
   1.0050000e+03   1.4890700e-07
   1.0060000e+03   4.0793200e-07
   1.0070000e+03   3.3174800e-07
   1.0080000e+03   8.4744400e-07
   1.0090000e+03   8.6097100e-07
   1.0100000e+03   1.1463000e-07
   1.0110000e+03   1.2196200e-07
   1.0120000e+03   1.3575700e-06
   1.0130000e+03   4.0764600e-07
   1.0140000e+03   1.0087000e-07
   1.0150000e+03   8.3459400e-07
   1.0160000e+03   7.6856500e-07
   1.0170000e+03   1.0819600e-06
   1.0180000e+03   3.1215300e-07
   1.0190000e+03   1.0415800e-06
   1.0200000e+03   6.2349700e-07
   1.0210000e+03   1.2002600e-06
   1.0220000e+03   3.2283400e-07
   1.0230000e+03   5.0142300e-07
   1.0240000e+03   1.1763500e-06
   1.0250000e+03   3.0423000e-07
   1.0260000e+03   1.9148500e-06
   1.0270000e+03   8.1084600e-07
   1.0280000e+03   6.2348300e-07
   1.0290000e+03   9.5135100e-07
   1.0300000e+03   3.6738500e-08
   1.0310000e+03   5.5077700e-07
   1.0320000e+03   8.3137200e-07
   1.0330000e+03   5.9428400e-07
   1.0340000e+03   7.8076400e-07
   1.0350000e+03   5.6372200e-07
   1.0360000e+03   3.4706600e-07
   1.0370000e+03   3.8611800e-07
   1.0380000e+03   9.7933100e-07
   1.0390000e+03   7.3945600e-07
   1.0400000e+03   4.2140200e-07
   1.0410000e+03   1.3105400e-07
   1.0420000e+03   1.5030600e-06
   1.0430000e+03   1.3969500e-06
   1.0440000e+03   6.4219100e-07
   1.0450000e+03   8.1358500e-08
   1.0460000e+03   1.5686400e-06
   1.0470000e+03   1.1469800e-06
   1.0480000e+03   2.2704600e-08
   1.0490000e+03   7.0433800e-07
   1.0500000e+03   9.5865300e-07
   1.0510000e+03   2.2308500e-07
   1.0520000e+03   7.9317900e-07
   1.0530000e+03   2.8612100e-07
   1.0540000e+03   6.9506500e-07
   1.0550000e+03   1.9367600e-07
   1.0560000e+03   5.5699200e-07
   1.0570000e+03   8.4415500e-07
   1.0580000e+03   4.7890300e-07
   1.0590000e+03   7.8087600e-07
   1.0600000e+03   9.7667000e-07
   1.0610000e+03   2.7744200e-07
   1.0620000e+03   2.8283600e-07
   1.0630000e+03   1.0020700e-06
   1.0640000e+03   6.5067100e-07
   1.0650000e+03   5.4744000e-07
   1.0660000e+03   4.0008400e-07
   1.0670000e+03   3.9196800e-07
   1.0680000e+03   1.5919500e-07
   1.0690000e+03   2.5011500e-07
   1.0700000e+03   3.9377900e-07
   1.0710000e+03   2.9404800e-07
   1.0720000e+03   2.7648700e-07
   1.0730000e+03   3.4265100e-07
   1.0740000e+03   5.3968800e-07
   1.0750000e+03   5.3794400e-08
   1.0760000e+03   3.3906500e-07
   1.0770000e+03   9.8298800e-07
   1.0780000e+03   8.6831900e-07
   1.0790000e+03   3.1719000e-07
   1.0800000e+03   8.6808200e-07
   1.0810000e+03   2.6694200e-07
   1.0820000e+03   5.4439400e-07
   1.0830000e+03   7.6655800e-08
   1.0840000e+03   3.6317500e-07
   1.0850000e+03   1.1015800e-06
   1.0860000e+03   5.0784500e-07
   1.0870000e+03   8.6710700e-08
   1.0880000e+03   1.3133700e-07
   1.0890000e+03   1.3251800e-06
   1.0900000e+03   7.2184500e-08
   1.0910000e+03   2.0806600e-07
   1.0920000e+03   1.5270500e-06
   1.0930000e+03   3.7028300e-07
   1.0940000e+03   5.9108400e-07
   1.0950000e+03   5.7249900e-07
   1.0960000e+03   4.0554900e-08
   1.0970000e+03   3.7141700e-07
   1.0980000e+03   2.9783500e-08
   1.0990000e+03   1.5312200e-06
   1.1000000e+03   1.5294200e-07
